artifact_id	parent_corpus_database_id	artifact_role	provider	provider_id	parent_provider_id	title	url	raw_url	doi	component_path	file_name	file_type	mime_type	byte_size	local_path	sha256	inventory_status	access_status	candidate_parser_family	pair_field_evidence	n_field_evidence	effect_field_evidence	publication_link_evidence	blocker_codes	next_action	notes	last_seen
source_artifact_72950d5db7ca6b22	corpus_db_appendix_d_supplemental	mirrored_website_result_catalog	local_file	docs/nightmare-hellscape (3).html	corpus_db_appendix_d_supplemental	nightmare-hellscape (3).html				docs	nightmare-hellscape (3).html	html	text/html	1517711	docs/nightmare-hellscape (3).html	9fc5431f8bae412024389283ea853ac26a8430f9c651718907749243761fc444	result_artifact_local_candidate	downloaded	document_context_or_source_object_review						mirror_sample_and_route_parser_candidate	Codex-local artifact proposal; source_reason=local_mirror_identification_still_needed	2026-05-02
source_artifact_dc96df3dc218656b	corpus_db_eerp_effectdata_py	code_file	local_file	data/raw/replication_projects/eerp/effectdata.py	corpus_db_eerp_effectdata_py	effectdata.py				data/raw/replication_projects/eerp	effectdata.py	py	text/x-python	6513	data/raw/replication_projects/eerp/effectdata.py	e78b2c06e015ab84354a4b98c472c3532ff9c28297723ca01d63e46858b437d9	result_artifact_local_candidate	downloaded	analysis_code_inventory			filename terms: effect			mirror_sample_and_route_parser_candidate	Codex-local artifact proposal; source_reason=local_mirror_identification_still_needed	2026-05-02
source_artifact_5ad3050ff35c95f6	corpus_db_eerp_marketdata_zip	archive_file	local_file	data/raw/replication_projects/eerp/marketdata.zip	corpus_db_eerp_marketdata_zip	marketdata.zip				data/raw/replication_projects/eerp	marketdata.zip	zip	application/zip	320346	data/raw/replication_projects/eerp/marketdata.zip	d4d11903d7e56ffedb877540a13aedecde6c3def3892e1954d85a00e46b446a9	result_artifact_local_candidate	downloaded	zip_member_inventory						mirror_sample_and_route_parser_candidate	Codex-local artifact proposal; source_reason=local_mirror_identification_still_needed	2026-05-02
source_artifact_8c0af26a0ae1f148	corpus_db_family_manybabies_3	data_file	local_file	data/raw/replication_projects/lead_harvest/manybabies_3/landing_probe.json	corpus_db_family_manybabies_3	landing_probe.json				data/raw/replication_projects/lead_harvest/manybabies_3	landing_probe.json	json	application/json	357	data/raw/replication_projects/lead_harvest/manybabies_3/landing_probe.json	f8c4ba6466dd7b8707c1b8603b6c966388a5b431ee2cce4fca91d89b0b7392a7	result_artifact_local_candidate	downloaded	json_metadata_inventory						mirror_sample_and_route_parser_candidate	Codex-local artifact proposal; source_reason=local_mirror_identification_still_needed	2026-05-02
source_artifact_fcea75b5de271ffe	corpus_db_family_manybabies_3	data_file	local_file	data/derived/replication_pairs/harvest/staged/manybabies_3__stage.csv	corpus_db_family_manybabies_3	manybabies_3__stage.csv				data/derived/replication_pairs/harvest/staged	manybabies_3__stage.csv	csv	text/csv	1265	data/derived/replication_pairs/harvest/staged/manybabies_3__stage.csv	e5874d053254cd741d28e46f70de48fb4c500d6edc5423cc2a1abdbe85de54a9	result_artifact_local_candidate	downloaded	csv_table_parser						mirror_sample_and_route_parser_candidate	Codex-local artifact proposal; source_reason=local_mirror_identification_still_needed	2026-05-02
source_artifact_acac28e7405aa5b7	corpus_db_family_manybabies_3	archive_file	local_file	data/raw/replication_projects/lead_harvest/manybabies_3/github_mb3_rules/mb3-rules-master.zip	corpus_db_family_manybabies_3	mb3-rules-master.zip				data/raw/replication_projects/lead_harvest/manybabies_3/github_mb3_rules	mb3-rules-master.zip	zip	application/zip	2859840	data/raw/replication_projects/lead_harvest/manybabies_3/github_mb3_rules/mb3-rules-master.zip	6b0c43f9d58f742cb6364c919ee2bc6fea5095f152b3afe9d78352d21c26ad8f	result_artifact_local_candidate	downloaded	zip_member_inventory						mirror_sample_and_route_parser_candidate	Codex-local artifact proposal; source_reason=local_mirror_identification_still_needed	2026-05-02
source_artifact_7232381cdf2591c8	corpus_db_family_manybabies_3	article_or_supplement_pdf	local_file	data/raw/replication_projects/lead_harvest/manybabies_3/osf_01__pilot-analysis.pdf	corpus_db_family_manybabies_3	osf_01__pilot-analysis.pdf				data/raw/replication_projects/lead_harvest/manybabies_3	osf_01__pilot-analysis.pdf	pdf	application/pdf	134594	data/raw/replication_projects/lead_harvest/manybabies_3/osf_01__pilot-analysis.pdf	2c6bdac5d944e84a38a25aa06b6e3c0019efc40fc6eca2b8f0fc9c4fbf4fba15	result_artifact_local_candidate	downloaded	document_context_or_source_object_review						mirror_sample_and_route_parser_candidate	Codex-local artifact proposal; source_reason=local_mirror_identification_still_needed	2026-05-02
source_artifact_342a87ed04622bc5	corpus_db_family_manybabies_3	data_file	local_file	data/raw/replication_projects/lead_harvest/manybabies_3/osf_01_download.json	corpus_db_family_manybabies_3	osf_01_download.json				data/raw/replication_projects/lead_harvest/manybabies_3	osf_01_download.json	json	application/json	1189	data/raw/replication_projects/lead_harvest/manybabies_3/osf_01_download.json	0535db89a28b5f043c6e5ac9cf37bb51617e26a4b27d7d3e0d7006b2bc149166	result_artifact_local_candidate	downloaded	json_metadata_inventory						mirror_sample_and_route_parser_candidate	Codex-local artifact proposal; source_reason=local_mirror_identification_still_needed	2026-05-02
source_artifact_f900016297f238f5	corpus_db_family_manybabies_3	article_or_supplement_pdf	local_file	data/raw/replication_projects/lead_harvest/manybabies_3/osf_02__MB3-Stimulus_creation_and_norming.pdf	corpus_db_family_manybabies_3	osf_02__MB3-Stimulus_creation_and_norming.pdf				data/raw/replication_projects/lead_harvest/manybabies_3	osf_02__MB3-Stimulus_creation_and_norming.pdf	pdf	application/pdf	160514	data/raw/replication_projects/lead_harvest/manybabies_3/osf_02__MB3-Stimulus_creation_and_norming.pdf	a87930adb0f918e5351c4a972d63a4ef08b0d2ffa97d4fbe17d1b425eda03924	result_artifact_local_candidate	downloaded	document_context_or_source_object_review		filename terms: _n	filename terms: d_			mirror_sample_and_route_parser_candidate	Codex-local artifact proposal; source_reason=local_mirror_identification_still_needed	2026-05-02
source_artifact_a10d7edd5dff84e3	corpus_db_family_manybabies_3	data_file	local_file	data/raw/replication_projects/lead_harvest/manybabies_3/osf_02_download.json	corpus_db_family_manybabies_3	osf_02_download.json				data/raw/replication_projects/lead_harvest/manybabies_3	osf_02_download.json	json	application/json	1264	data/raw/replication_projects/lead_harvest/manybabies_3/osf_02_download.json	df038ee38c8cb80ba32abedfb70f24ab32f39fa983e4ef9927f04993220d78ba	result_artifact_local_candidate	downloaded	json_metadata_inventory						mirror_sample_and_route_parser_candidate	Codex-local artifact proposal; source_reason=local_mirror_identification_still_needed	2026-05-02
source_artifact_7d48d1984ee9d22b	corpus_db_family_manybabies_3	article_or_supplement_pdf	local_file	data/raw/replication_projects/lead_harvest/manybabies_3/osf_03__power_analysis.pdf	corpus_db_family_manybabies_3	osf_03__power_analysis.pdf				data/raw/replication_projects/lead_harvest/manybabies_3	osf_03__power_analysis.pdf	pdf	application/pdf	304684	data/raw/replication_projects/lead_harvest/manybabies_3/osf_03__power_analysis.pdf	8fc11323349b0b6bcb99a38510ecc3237f2532e07d527dc2e455efd2720d958c	result_artifact_local_candidate	downloaded	document_context_or_source_object_review			filename terms: r_			mirror_sample_and_route_parser_candidate	Codex-local artifact proposal; source_reason=local_mirror_identification_still_needed	2026-05-02
source_artifact_bdf94002681169c5	corpus_db_family_manybabies_3	data_file	local_file	data/raw/replication_projects/lead_harvest/manybabies_3/osf_03_download.json	corpus_db_family_manybabies_3	osf_03_download.json				data/raw/replication_projects/lead_harvest/manybabies_3	osf_03_download.json	json	application/json	1177	data/raw/replication_projects/lead_harvest/manybabies_3/osf_03_download.json	a6190362d99c9d8700a44ee4f798c4d93e05a56d268782b1af6bef49a55d63db	result_artifact_local_candidate	downloaded	json_metadata_inventory						mirror_sample_and_route_parser_candidate	Codex-local artifact proposal; source_reason=local_mirror_identification_still_needed	2026-05-02
source_artifact_42012c925db19d09	corpus_db_family_manybabies_3	article_or_supplement_pdf	local_file	data/raw/replication_projects/lead_harvest/manybabies_3/osf_04__MB3RuleLearningPreregistrationReport-Submitted.pdf	corpus_db_family_manybabies_3	osf_04__MB3RuleLearningPreregistrationReport-Submitted.pdf				data/raw/replication_projects/lead_harvest/manybabies_3	osf_04__MB3RuleLearningPreregistrationReport-Submitted.pdf	pdf	application/pdf	321494	data/raw/replication_projects/lead_harvest/manybabies_3/osf_04__MB3RuleLearningPreregistrationReport-Submitted.pdf	58cc95cb203f22cc0b52dc54ae8290cf8b5f65e8c85e6cd6124b40c0d0581e78	result_artifact_local_candidate	downloaded	document_context_or_source_object_review						mirror_sample_and_route_parser_candidate	Codex-local artifact proposal; source_reason=local_mirror_identification_still_needed	2026-05-02
source_artifact_c79e7f79c101fb3f	corpus_db_family_manybabies_3	data_file	local_file	data/raw/replication_projects/lead_harvest/manybabies_3/osf_04_download.json	corpus_db_family_manybabies_3	osf_04_download.json				data/raw/replication_projects/lead_harvest/manybabies_3	osf_04_download.json	json	application/json	1299	data/raw/replication_projects/lead_harvest/manybabies_3/osf_04_download.json	dee9bb03f9692b10eabc4bd25893c4496972b15a73ac3b45ae3529d6faef2660	result_artifact_local_candidate	downloaded	json_metadata_inventory						mirror_sample_and_route_parser_candidate	Codex-local artifact proposal; source_reason=local_mirror_identification_still_needed	2026-05-02
source_artifact_9ebdd11cf3f9d618	corpus_db_family_manybabies_3	article_or_supplement_pdf	local_file	data/raw/replication_projects/lead_harvest/manybabies_3/osf_05__MB3RuleLearningPreregistrationReport-Revision.pdf	corpus_db_family_manybabies_3	osf_05__MB3RuleLearningPreregistrationReport-Revision.pdf				data/raw/replication_projects/lead_harvest/manybabies_3	osf_05__MB3RuleLearningPreregistrationReport-Revision.pdf	pdf	application/pdf	326494	data/raw/replication_projects/lead_harvest/manybabies_3/osf_05__MB3RuleLearningPreregistrationReport-Revision.pdf	daea90136abbff058a264520fb0987c61b4e8f41f8cda33df6ac9e889515685a	result_artifact_local_candidate	downloaded	document_context_or_source_object_review						mirror_sample_and_route_parser_candidate	Codex-local artifact proposal; source_reason=local_mirror_identification_still_needed	2026-05-02
source_artifact_20f1030bcd4b0900	corpus_db_family_manybabies_3	data_file	local_file	data/raw/replication_projects/lead_harvest/manybabies_3/osf_05_download.json	corpus_db_family_manybabies_3	osf_05_download.json				data/raw/replication_projects/lead_harvest/manybabies_3	osf_05_download.json	json	application/json	1278	data/raw/replication_projects/lead_harvest/manybabies_3/osf_05_download.json	fba833dcdb5b14e8de5b84e73b1f9ad3678331dd3fde09e7f2d618f962c241d1	result_artifact_local_candidate	downloaded	json_metadata_inventory						mirror_sample_and_route_parser_candidate	Codex-local artifact proposal; source_reason=local_mirror_identification_still_needed	2026-05-02
source_artifact_c8666b7184df45a2	corpus_db_family_manybabies_3	article_or_supplement_pdf	local_file	data/raw/replication_projects/lead_harvest/manybabies_3/osf_06__MB3-supplemental.pdf	corpus_db_family_manybabies_3	osf_06__MB3-supplemental.pdf				data/raw/replication_projects/lead_harvest/manybabies_3	osf_06__MB3-supplemental.pdf	pdf	application/pdf	596236	data/raw/replication_projects/lead_harvest/manybabies_3/osf_06__MB3-supplemental.pdf	a76fff354ca4e8171d1232796f4fb7af3719ecf0b75d528c3f759f2903f48ef9	result_artifact_local_candidate	downloaded	document_context_or_source_object_review						mirror_sample_and_route_parser_candidate	Codex-local artifact proposal; source_reason=local_mirror_identification_still_needed	2026-05-02
source_artifact_f711f62af1867dfd	corpus_db_family_manybabies_3	data_file	local_file	data/raw/replication_projects/lead_harvest/manybabies_3/osf_06_download.json	corpus_db_family_manybabies_3	osf_06_download.json				data/raw/replication_projects/lead_harvest/manybabies_3	osf_06_download.json	json	application/json	1195	data/raw/replication_projects/lead_harvest/manybabies_3/osf_06_download.json	e1aff8c7bcde1e19373bc6c932539910c4ff96a780f3ffd8938e16c3ebfb5d3c	result_artifact_local_candidate	downloaded	json_metadata_inventory						mirror_sample_and_route_parser_candidate	Codex-local artifact proposal; source_reason=local_mirror_identification_still_needed	2026-05-02
source_artifact_cb012961a0b9d18f	corpus_db_family_manybabies_3	article_or_supplement_pdf	local_file	data/raw/replication_projects/lead_harvest/manybabies_3/osf_07__ManyBabies_3_Lab_Manual.pdf	corpus_db_family_manybabies_3	osf_07__ManyBabies_3_Lab_Manual.pdf				data/raw/replication_projects/lead_harvest/manybabies_3	osf_07__ManyBabies_3_Lab_Manual.pdf	pdf	application/pdf	886625	data/raw/replication_projects/lead_harvest/manybabies_3/osf_07__ManyBabies_3_Lab_Manual.pdf	e4131982680f5bd9508785ccd3d8b30abfc6bf754a9c6193668ea1d40d4702ec	result_artifact_local_candidate	downloaded	document_context_or_source_object_review						mirror_sample_and_route_parser_candidate	Codex-local artifact proposal; source_reason=local_mirror_identification_still_needed	2026-05-02
source_artifact_7ba8de9f97329e1d	corpus_db_family_manybabies_3	data_file	local_file	data/raw/replication_projects/lead_harvest/manybabies_3/osf_07_download.json	corpus_db_family_manybabies_3	osf_07_download.json				data/raw/replication_projects/lead_harvest/manybabies_3	osf_07_download.json	json	application/json	1240	data/raw/replication_projects/lead_harvest/manybabies_3/osf_07_download.json	472e07311aee606e8cf3ca903900953d94bf1852ee5d1717c95a0e6cc38dd493	result_artifact_local_candidate	downloaded	json_metadata_inventory						mirror_sample_and_route_parser_candidate	Codex-local artifact proposal; source_reason=local_mirror_identification_still_needed	2026-05-02
source_artifact_8b82e73be6c57855	corpus_db_family_manybabies_3	data_file	local_file	data/raw/replication_projects/lead_harvest/manybabies_3/osf_file_list.csv	corpus_db_family_manybabies_3	osf_file_list.csv				data/raw/replication_projects/lead_harvest/manybabies_3	osf_file_list.csv	csv	text/csv	2335	data/raw/replication_projects/lead_harvest/manybabies_3/osf_file_list.csv	8304cd4fe36dda7445f6112da1bfd4010cd65efcad59c60e6bb02a8fc94fac3a	result_artifact_local_candidate	downloaded	csv_table_parser						mirror_sample_and_route_parser_candidate	Codex-local artifact proposal; source_reason=local_mirror_identification_still_needed	2026-05-02
source_artifact_f4dceb44dd064bab	corpus_db_family_manybabies_3	data_file	local_file	data/raw/replication_projects/lead_harvest/manybabies_3/osf_manifest.json	corpus_db_family_manybabies_3	osf_manifest.json				data/raw/replication_projects/lead_harvest/manybabies_3	osf_manifest.json	json	application/json	4133	data/raw/replication_projects/lead_harvest/manybabies_3/osf_manifest.json	50482caa741a79bc01d1b4f7ccde31ee2108e2e8875d4a551e136c337005194b	result_artifact_local_candidate	downloaded	json_metadata_inventory						mirror_sample_and_route_parser_candidate	Codex-local artifact proposal; source_reason=local_mirror_identification_still_needed	2026-05-02
source_artifact_e64f4921e1fac7db	corpus_db_family_manybabies_3	archive_file	local_file	data/raw/replication_projects/lead_harvest/manybabies_3/osfstorage_archive_duplicate_user_20260427.zip	corpus_db_family_manybabies_3	osfstorage_archive_duplicate_user_20260427.zip				data/raw/replication_projects/lead_harvest/manybabies_3	osfstorage_archive_duplicate_user_20260427.zip	zip	application/zip	2489650	data/raw/replication_projects/lead_harvest/manybabies_3/osfstorage_archive_duplicate_user_20260427.zip	3d0f17c38a82e7b2edaf46c2a2a6be6cf850d81b06f184eac464ab50aa9f9559	result_artifact_local_candidate	downloaded	zip_member_inventory			filename terms: r_			mirror_sample_and_route_parser_candidate	Codex-local artifact proposal; source_reason=local_mirror_identification_still_needed	2026-05-02
source_artifact_69ca05ee8333b67d	corpus_db_family_manybabies_3	archive_file	local_file	data/raw/replication_projects/lead_harvest/manybabies_3/osfstorage_archive_user_20260426.zip	corpus_db_family_manybabies_3	osfstorage_archive_user_20260426.zip				data/raw/replication_projects/lead_harvest/manybabies_3	osfstorage_archive_user_20260426.zip	zip	application/zip	2489650	data/raw/replication_projects/lead_harvest/manybabies_3/osfstorage_archive_user_20260426.zip	3d0f17c38a82e7b2edaf46c2a2a6be6cf850d81b06f184eac464ab50aa9f9559	result_artifact_local_candidate	downloaded	zip_member_inventory			filename terms: r_			mirror_sample_and_route_parser_candidate	Codex-local artifact proposal; source_reason=local_mirror_identification_still_needed	2026-05-02
source_artifact_d9382a4457f37333	corpus_db_family_manybabies_3	article_or_supplement_pdf	local_file	data/raw/replication_projects/lead_harvest/manybabies_3/raw__mb3plus_preprint.pdf	corpus_db_family_manybabies_3	raw__mb3plus_preprint.pdf				data/raw/replication_projects/lead_harvest/manybabies_3	raw__mb3plus_preprint.pdf	pdf	application/pdf	633371	data/raw/replication_projects/lead_harvest/manybabies_3/raw__mb3plus_preprint.pdf	475918495c9ec5bedcef1ecdb08ff53455e5286f236e8bff250bb31624cdc1dc	result_artifact_local_candidate	downloaded	document_context_or_source_object_review						mirror_sample_and_route_parser_candidate	Codex-local artifact proposal; source_reason=local_mirror_identification_still_needed	2026-05-02
source_artifact_adb92b82b78923d2	corpus_db_family_manybabies_3	data_file	local_file	data/raw/replication_projects/lead_harvest/manybabies_3/raw_download.json	corpus_db_family_manybabies_3	raw_download.json				data/raw/replication_projects/lead_harvest/manybabies_3	raw_download.json	json	application/json	1194	data/raw/replication_projects/lead_harvest/manybabies_3/raw_download.json	6e7be4ba4fcb06376e7cfb90ab5e2b6ac73994f9e47eac02c107808c4c2f0e48	result_artifact_local_candidate	downloaded	json_metadata_inventory						mirror_sample_and_route_parser_candidate	Codex-local artifact proposal; source_reason=local_mirror_identification_still_needed	2026-05-02
source_artifact_a39d5353d9df1690	corpus_db_family_manybabies_3	data_file	local_file	data/raw/replication_projects/lead_harvest/manybabies_3/raw_probe.json	corpus_db_family_manybabies_3	raw_probe.json				data/raw/replication_projects/lead_harvest/manybabies_3	raw_probe.json	json	application/json	1078	data/raw/replication_projects/lead_harvest/manybabies_3/raw_probe.json	7dc1983d91ffc047e4b913399a7657a821c96f0937722bbdc5d1f3b5e7a9896c	result_artifact_local_candidate	downloaded	json_metadata_inventory						mirror_sample_and_route_parser_candidate	Codex-local artifact proposal; source_reason=local_mirror_identification_still_needed	2026-05-02
source_artifact_069778c4a5e7cac1	corpus_db_family_news_discernment_replication	data_file	local_file	data/raw/replication_projects/lead_harvest/news_discernment_replication/landing_probe.json	corpus_db_family_news_discernment_replication	landing_probe.json				data/raw/replication_projects/lead_harvest/news_discernment_replication	landing_probe.json	json	application/json	459	data/raw/replication_projects/lead_harvest/news_discernment_replication/landing_probe.json	5e23635c35439a6ec763a878ee543a6c9f0449f0e56a4bcea59e031d2b38f978	result_artifact_local_candidate	downloaded	json_metadata_inventory						mirror_sample_and_route_parser_candidate	Codex-local artifact proposal; source_reason=local_mirror_identification_still_needed	2026-05-02
source_artifact_077613543fdfe405	corpus_db_family_news_discernment_replication	data_file	local_file	data/derived/replication_pairs/harvest/staged/news_discernment_replication__stage.csv	corpus_db_family_news_discernment_replication	news_discernment_replication__stage.csv				data/derived/replication_pairs/harvest/staged	news_discernment_replication__stage.csv	csv	text/csv	1049	data/derived/replication_pairs/harvest/staged/news_discernment_replication__stage.csv	39b4dcc3c2a1bef91b1d2b487369b192861a6bfd8a0c9d26c8d32801bdd48ee6	result_artifact_local_candidate	downloaded	csv_table_parser	filename terms: replication | repli					mirror_sample_and_route_parser_candidate	Codex-local artifact proposal; source_reason=local_mirror_identification_still_needed	2026-05-02
source_artifact_bf5f865a5fa7b86e	corpus_db_family_news_discernment_replication	data_file	local_file	data/raw/replication_projects/lead_harvest/news_discernment_replication/osf_01__Germany_Clean.xlsx	corpus_db_family_news_discernment_replication	osf_01__Germany_Clean.xlsx				data/raw/replication_projects/lead_harvest/news_discernment_replication	osf_01__Germany_Clean.xlsx	xlsx	application/vnd.openxmlformats-officedocument.spreadsheetml.sheet	807783	data/raw/replication_projects/lead_harvest/news_discernment_replication/osf_01__Germany_Clean.xlsx	3b2df6e9b0d74c3e509cc324a883cf540edf03a513b8dcb5a8d7c38ba6f4555c	result_artifact_local_candidate	downloaded	xlsx_workbook_parser						mirror_sample_and_route_parser_candidate	Codex-local artifact proposal; source_reason=local_mirror_identification_still_needed	2026-05-02
source_artifact_70d1ca4ed0a713de	corpus_db_family_news_discernment_replication	data_file	local_file	data/raw/replication_projects/lead_harvest/news_discernment_replication/osf_01_download.json	corpus_db_family_news_discernment_replication	osf_01_download.json				data/raw/replication_projects/lead_harvest/news_discernment_replication	osf_01_download.json	json	application/json	1207	data/raw/replication_projects/lead_harvest/news_discernment_replication/osf_01_download.json	191df488193a798421c0135b5fc77ed4b5385a02f0160696217bb6f6f1320937	result_artifact_local_candidate	downloaded	json_metadata_inventory						mirror_sample_and_route_parser_candidate	Codex-local artifact proposal; source_reason=local_mirror_identification_still_needed	2026-05-02
source_artifact_4d8b0edab8b32182	corpus_db_family_news_discernment_replication	data_file	local_file	data/raw/replication_projects/lead_harvest/news_discernment_replication/osf_02__France_Clean.xlsx	corpus_db_family_news_discernment_replication	osf_02__France_Clean.xlsx				data/raw/replication_projects/lead_harvest/news_discernment_replication	osf_02__France_Clean.xlsx	xlsx	application/vnd.openxmlformats-officedocument.spreadsheetml.sheet	814572	data/raw/replication_projects/lead_harvest/news_discernment_replication/osf_02__France_Clean.xlsx	7af8181c2f544b8a9595849b7379ee01c5b0a092952923470840134bf81cb42d	result_artifact_local_candidate	downloaded	xlsx_workbook_parser						mirror_sample_and_route_parser_candidate	Codex-local artifact proposal; source_reason=local_mirror_identification_still_needed	2026-05-02
source_artifact_f6f561f0136ab204	corpus_db_family_news_discernment_replication	data_file	local_file	data/raw/replication_projects/lead_harvest/news_discernment_replication/osf_02_download.json	corpus_db_family_news_discernment_replication	osf_02_download.json				data/raw/replication_projects/lead_harvest/news_discernment_replication	osf_02_download.json	json	application/json	1202	data/raw/replication_projects/lead_harvest/news_discernment_replication/osf_02_download.json	c008482309437dd68166482ae947aa7b82b1dd7ab9208e7c7c0d0ba89bd38bf6	result_artifact_local_candidate	downloaded	json_metadata_inventory						mirror_sample_and_route_parser_candidate	Codex-local artifact proposal; source_reason=local_mirror_identification_still_needed	2026-05-02
source_artifact_1c9482138b9bb7e3	corpus_db_family_news_discernment_replication	code_file	local_file	data/raw/replication_projects/lead_harvest/news_discernment_replication/osf_03__Script_control.R	corpus_db_family_news_discernment_replication	osf_03__Script_control.R				data/raw/replication_projects/lead_harvest/news_discernment_replication	osf_03__Script_control.R	r		39815	data/raw/replication_projects/lead_harvest/news_discernment_replication/osf_03__Script_control.R	fee10715fab0e75a57e076cee4c26dde4de9a80cd83d8881e2e2263bc0894591	result_artifact_local_candidate	downloaded	analysis_code_inventory						mirror_sample_and_route_parser_candidate	Codex-local artifact proposal; source_reason=local_mirror_identification_still_needed	2026-05-02
source_artifact_5f0b1fc7d1149f3a	corpus_db_family_news_discernment_replication	data_file	local_file	data/raw/replication_projects/lead_harvest/news_discernment_replication/osf_03_download.json	corpus_db_family_news_discernment_replication	osf_03_download.json				data/raw/replication_projects/lead_harvest/news_discernment_replication	osf_03_download.json	json	application/json	1189	data/raw/replication_projects/lead_harvest/news_discernment_replication/osf_03_download.json	07b5e05c3dacc1686050aae7d69dddd02473b6db122fde244614235cbe7906c3	result_artifact_local_candidate	downloaded	json_metadata_inventory						mirror_sample_and_route_parser_candidate	Codex-local artifact proposal; source_reason=local_mirror_identification_still_needed	2026-05-02
source_artifact_8e0325a56fc0d20a	corpus_db_family_news_discernment_replication	code_file	local_file	data/raw/replication_projects/lead_harvest/news_discernment_replication/osf_04__Script_placebo.R	corpus_db_family_news_discernment_replication	osf_04__Script_placebo.R				data/raw/replication_projects/lead_harvest/news_discernment_replication	osf_04__Script_placebo.R	r		40637	data/raw/replication_projects/lead_harvest/news_discernment_replication/osf_04__Script_placebo.R	039ac8c4cf2ca9428de5affefa0a7ce72ec60916bc16393e15dd69e7cc5a2043	result_artifact_local_candidate	downloaded	analysis_code_inventory						mirror_sample_and_route_parser_candidate	Codex-local artifact proposal; source_reason=local_mirror_identification_still_needed	2026-05-02
source_artifact_ff84b5de43d913cb	corpus_db_family_news_discernment_replication	data_file	local_file	data/raw/replication_projects/lead_harvest/news_discernment_replication/osf_04_download.json	corpus_db_family_news_discernment_replication	osf_04_download.json				data/raw/replication_projects/lead_harvest/news_discernment_replication	osf_04_download.json	json	application/json	1189	data/raw/replication_projects/lead_harvest/news_discernment_replication/osf_04_download.json	4fc8169312112efea51626fbe671fa2f3175aa4447cc2c36cb317543e9051bdf	result_artifact_local_candidate	downloaded	json_metadata_inventory						mirror_sample_and_route_parser_candidate	Codex-local artifact proposal; source_reason=local_mirror_identification_still_needed	2026-05-02
source_artifact_6001b3d6988e9a00	corpus_db_family_news_discernment_replication	code_file	local_file	data/raw/replication_projects/lead_harvest/news_discernment_replication/osf_05__Script_main.R	corpus_db_family_news_discernment_replication	osf_05__Script_main.R				data/raw/replication_projects/lead_harvest/news_discernment_replication	osf_05__Script_main.R	r		40814	data/raw/replication_projects/lead_harvest/news_discernment_replication/osf_05__Script_main.R	454f0280da8fdde2c2d5dc58d41c73e1010aa2b4877b6a9bdaf3aca65c938d07	result_artifact_local_candidate	downloaded	analysis_code_inventory						mirror_sample_and_route_parser_candidate	Codex-local artifact proposal; source_reason=local_mirror_identification_still_needed	2026-05-02
source_artifact_a7273656e2ffc89e	corpus_db_family_news_discernment_replication	data_file	local_file	data/raw/replication_projects/lead_harvest/news_discernment_replication/osf_05_download.json	corpus_db_family_news_discernment_replication	osf_05_download.json				data/raw/replication_projects/lead_harvest/news_discernment_replication	osf_05_download.json	json	application/json	1196	data/raw/replication_projects/lead_harvest/news_discernment_replication/osf_05_download.json	5f0fdceb098282a9dbb37607d659e249df6bfcafe40078398e0ba37bb1a7dc47	result_artifact_local_candidate	downloaded	json_metadata_inventory						mirror_sample_and_route_parser_candidate	Codex-local artifact proposal; source_reason=local_mirror_identification_still_needed	2026-05-02
source_artifact_cafa7a3d0dd382c1	corpus_db_family_news_discernment_replication	data_file	local_file	data/raw/replication_projects/lead_harvest/news_discernment_replication/osf_06_download.json	corpus_db_family_news_discernment_replication	osf_06_download.json				data/raw/replication_projects/lead_harvest/news_discernment_replication	osf_06_download.json	json	application/json	1202	data/raw/replication_projects/lead_harvest/news_discernment_replication/osf_06_download.json	9303c1716374d805332bd99e82bb187ff264ee7c61b39c4bb8204ca9d6ed1a22	result_artifact_local_candidate	downloaded	json_metadata_inventory						mirror_sample_and_route_parser_candidate	Codex-local artifact proposal; source_reason=local_mirror_identification_still_needed	2026-05-02
source_artifact_396788e9a3a462ee	corpus_db_family_news_discernment_replication	data_file	local_file	data/raw/replication_projects/lead_harvest/news_discernment_replication/osf_07_download.json	corpus_db_family_news_discernment_replication	osf_07_download.json				data/raw/replication_projects/lead_harvest/news_discernment_replication	osf_07_download.json	json	application/json	1210	data/raw/replication_projects/lead_harvest/news_discernment_replication/osf_07_download.json	94b459ef37e479db7f1d66c4704f2a7221191623937cca7984dd27d3798ac4cb	result_artifact_local_candidate	downloaded	json_metadata_inventory						mirror_sample_and_route_parser_candidate	Codex-local artifact proposal; source_reason=local_mirror_identification_still_needed	2026-05-02
source_artifact_6f96cbf39963ff1d	corpus_db_family_news_discernment_replication	data_file	local_file	data/raw/replication_projects/lead_harvest/news_discernment_replication/osf_08_download.json	corpus_db_family_news_discernment_replication	osf_08_download.json				data/raw/replication_projects/lead_harvest/news_discernment_replication	osf_08_download.json	json	application/json	1194	data/raw/replication_projects/lead_harvest/news_discernment_replication/osf_08_download.json	cfb260671ffffdd2ce7f65e383e419dbe049d9893034f7fde8006261187fa1f1	result_artifact_local_candidate	downloaded	json_metadata_inventory						mirror_sample_and_route_parser_candidate	Codex-local artifact proposal; source_reason=local_mirror_identification_still_needed	2026-05-02
source_artifact_79f5f3455f004d36	corpus_db_family_news_discernment_replication	data_file	local_file	data/raw/replication_projects/lead_harvest/news_discernment_replication/osf_09_download.json	corpus_db_family_news_discernment_replication	osf_09_download.json				data/raw/replication_projects/lead_harvest/news_discernment_replication	osf_09_download.json	json	application/json	1208	data/raw/replication_projects/lead_harvest/news_discernment_replication/osf_09_download.json	dc665b841e6d75b5ff9fd52a5b59189deffbf46b42b8b7d31b7c4ab5ead088c7	result_artifact_local_candidate	downloaded	json_metadata_inventory						mirror_sample_and_route_parser_candidate	Codex-local artifact proposal; source_reason=local_mirror_identification_still_needed	2026-05-02
source_artifact_3bd143d03b83f9e3	corpus_db_family_news_discernment_replication	data_file	local_file	data/raw/replication_projects/lead_harvest/news_discernment_replication/osf_file_list.csv	corpus_db_family_news_discernment_replication	osf_file_list.csv				data/raw/replication_projects/lead_harvest/news_discernment_replication	osf_file_list.csv	csv	text/csv	4924	data/raw/replication_projects/lead_harvest/news_discernment_replication/osf_file_list.csv	6f710610ddd53f469cf34cbca639fcd1e6f084b0c18183c9e5d48581a8781d53	result_artifact_local_candidate	downloaded	csv_table_parser						mirror_sample_and_route_parser_candidate	Codex-local artifact proposal; source_reason=local_mirror_identification_still_needed	2026-05-02
source_artifact_60d5c7c88fc19a70	corpus_db_family_news_discernment_replication	data_file	local_file	data/raw/replication_projects/lead_harvest/news_discernment_replication/osf_manifest.json	corpus_db_family_news_discernment_replication	osf_manifest.json				data/raw/replication_projects/lead_harvest/news_discernment_replication	osf_manifest.json	json	application/json	9648	data/raw/replication_projects/lead_harvest/news_discernment_replication/osf_manifest.json	a139eeec1cc6b68f190715bbbf4f4bb872b35475fd216a5bef4091c4c05e17e3	result_artifact_local_candidate	downloaded	json_metadata_inventory						mirror_sample_and_route_parser_candidate	Codex-local artifact proposal; source_reason=local_mirror_identification_still_needed	2026-05-02
source_artifact_a7fc58db11a30812	corpus_db_i4r_public_workbook	data_file	local_file	data/raw/replication_projects/i4r/meta_database.xlsx	corpus_db_i4r_public_workbook	meta_database.xlsx				data/raw/replication_projects/i4r	meta_database.xlsx	xlsx	application/vnd.openxmlformats-officedocument.spreadsheetml.sheet	3334977	data/raw/replication_projects/i4r/meta_database.xlsx	5c7e22242c9b1b30de4dcee30a57184a8f18d13e3fd50a78ce7f8e6d017f6bef	result_artifact_local_candidate	downloaded	xlsx_workbook_parser						mirror_sample_and_route_parser_candidate	Codex-local artifact proposal; source_reason=local_mirror_identification_still_needed	2026-05-02
source_artifact_9cdbd629471a99cc	corpus_db_lead_angrist_learning_curve_2023	article_or_supplement_pdf	local_file	data/raw/replication_projects/lead_harvest/angrist_learning_curve_2023/Angrist_Cullen_Bergman_et-al_Learning-Curve-Progress-in-the-Replication-Crisis_2023.pdf	corpus_db_lead_angrist_learning_curve_2023	Angrist_Cullen_Bergman_et-al_Learning-Curve-Progress-in-the-Replication-Crisis_2023.pdf				data/raw/replication_projects/lead_harvest/angrist_learning_curve_2023	Angrist_Cullen_Bergman_et-al_Learning-Curve-Progress-in-the-Replication-Crisis_2023.pdf	pdf	application/pdf	602795	data/raw/replication_projects/lead_harvest/angrist_learning_curve_2023/Angrist_Cullen_Bergman_et-al_Learning-Curve-Progress-in-the-Replication-Crisis_2023.pdf	8426e50554489c22c5d226a0f53142a51bf966d8f8b788d8165d330342d0bff8	result_artifact_local_candidate	downloaded	document_context_or_source_object_review	filename terms: replication | repli					mirror_sample_and_route_parser_candidate	Codex-local artifact proposal; source_reason=local_mirror_identification_still_needed	2026-05-02
source_artifact_562455c3bc6fe61d	corpus_db_lead_angrist_learning_curve_2023	article_or_supplement_pdf	local_file	data/raw/replication_projects/lead_harvest/angrist_learning_curve_2023/openicpsr_189561_v1/Output/Figures/Figure_1.pdf	corpus_db_lead_angrist_learning_curve_2023	Figure_1.pdf				data/raw/replication_projects/lead_harvest/angrist_learning_curve_2023/openicpsr_189561_v1/Output/Figures	Figure_1.pdf	pdf	application/pdf	21397	data/raw/replication_projects/lead_harvest/angrist_learning_curve_2023/openicpsr_189561_v1/Output/Figures/Figure_1.pdf	ed3a5cc52c657528967e801c3d2ff139f4fc2fb431cb31b45fc02ff53d0b2278	result_artifact_local_candidate	downloaded	document_context_or_source_object_review						mirror_sample_and_route_parser_candidate	Codex-local artifact proposal; source_reason=local_mirror_identification_still_needed	2026-05-02
source_artifact_ad392967ecfaffd4	corpus_db_lead_angrist_learning_curve_2023	article_or_supplement_pdf	local_file	data/raw/replication_projects/lead_harvest/angrist_learning_curve_2023/openicpsr_189561_v1/Output/Figures/Figure_2.pdf	corpus_db_lead_angrist_learning_curve_2023	Figure_2.pdf				data/raw/replication_projects/lead_harvest/angrist_learning_curve_2023/openicpsr_189561_v1/Output/Figures	Figure_2.pdf	pdf	application/pdf	23989	data/raw/replication_projects/lead_harvest/angrist_learning_curve_2023/openicpsr_189561_v1/Output/Figures/Figure_2.pdf	e536970789c513c27cbf93b6150b4f9e0d64407468d703809fbf9ade932aebd9	result_artifact_local_candidate	downloaded	document_context_or_source_object_review						mirror_sample_and_route_parser_candidate	Codex-local artifact proposal; source_reason=local_mirror_identification_still_needed	2026-05-02
source_artifact_ef9af6367babb68f	corpus_db_lead_angrist_learning_curve_2023	article_or_supplement_pdf	local_file	data/raw/replication_projects/lead_harvest/angrist_learning_curve_2023/openicpsr_189561_v1/README.pdf	corpus_db_lead_angrist_learning_curve_2023	README.pdf				data/raw/replication_projects/lead_harvest/angrist_learning_curve_2023/openicpsr_189561_v1	README.pdf	pdf	application/pdf	78803	data/raw/replication_projects/lead_harvest/angrist_learning_curve_2023/openicpsr_189561_v1/README.pdf	23747c057cdf02a4746f06a3936665a16ec6e9fb554a5159fc935fc66d76ee46	result_artifact_local_candidate	downloaded	document_context_or_source_object_review						mirror_sample_and_route_parser_candidate	Codex-local artifact proposal; source_reason=local_mirror_identification_still_needed	2026-05-02
source_artifact_506186ba45835840	corpus_db_lead_angrist_learning_curve_2023	data_file	local_file	data/raw/replication_projects/lead_harvest/angrist_learning_curve_2023/openicpsr_189561_v1/Output/Tables/Table_1.csv	corpus_db_lead_angrist_learning_curve_2023	Table_1.csv				data/raw/replication_projects/lead_harvest/angrist_learning_curve_2023/openicpsr_189561_v1/Output/Tables	Table_1.csv	csv	text/csv	391	data/raw/replication_projects/lead_harvest/angrist_learning_curve_2023/openicpsr_189561_v1/Output/Tables/Table_1.csv	00b97ae4c673b7bb209b7488d94d346b32b8358fef2f325bd4b72f4686a4f92e	result_artifact_local_candidate	downloaded	csv_table_parser						mirror_sample_and_route_parser_candidate	Codex-local artifact proposal; source_reason=local_mirror_identification_still_needed	2026-05-02
source_artifact_e7088f01d4281de8	corpus_db_lead_angrist_learning_curve_2023	data_file	local_file	data/raw/replication_projects/lead_harvest/angrist_learning_curve_2023/openicpsr_189561_v1/accurate_targeting_country.dta	corpus_db_lead_angrist_learning_curve_2023	accurate_targeting_country.dta				data/raw/replication_projects/lead_harvest/angrist_learning_curve_2023/openicpsr_189561_v1	accurate_targeting_country.dta	dta		153799	data/raw/replication_projects/lead_harvest/angrist_learning_curve_2023/openicpsr_189561_v1/accurate_targeting_country.dta	0bc5a135138b92b8a016ac9087214f82ff549ed20918b98f059838396aa4fee9	result_artifact_local_candidate	downloaded	statistical_package_parser						mirror_sample_and_route_parser_candidate	Codex-local artifact proposal; source_reason=local_mirror_identification_still_needed	2026-05-02
source_artifact_54296a8248b42734	corpus_db_lead_angrist_learning_curve_2023	data_file	local_file	data/raw/replication_projects/lead_harvest/angrist_learning_curve_2023/openicpsr_189561_v1/accurate_targeting_week.dta	corpus_db_lead_angrist_learning_curve_2023	accurate_targeting_week.dta				data/raw/replication_projects/lead_harvest/angrist_learning_curve_2023/openicpsr_189561_v1	accurate_targeting_week.dta	dta		124180	data/raw/replication_projects/lead_harvest/angrist_learning_curve_2023/openicpsr_189561_v1/accurate_targeting_week.dta	3c146bead5210926057fbea90f81e5ec6f1a29281e60356a574f78d4900b9c11	result_artifact_local_candidate	downloaded	statistical_package_parser						mirror_sample_and_route_parser_candidate	Codex-local artifact proposal; source_reason=local_mirror_identification_still_needed	2026-05-02
source_artifact_2e1392ce0c112490	corpus_db_lead_angrist_learning_curve_2023	data_file	local_file	data/derived/replication_pairs/harvest/staged/angrist_learning_curve_2023__stage.csv	corpus_db_lead_angrist_learning_curve_2023	angrist_learning_curve_2023__stage.csv				data/derived/replication_pairs/harvest/staged	angrist_learning_curve_2023__stage.csv	csv	text/csv	1049	data/derived/replication_pairs/harvest/staged/angrist_learning_curve_2023__stage.csv	56100ade179ac58135c9dd356bd673db7dbc5769142f91766e802d71cc49e5f0	result_artifact_local_candidate	downloaded	csv_table_parser						mirror_sample_and_route_parser_candidate	Codex-local artifact proposal; source_reason=local_mirror_identification_still_needed	2026-05-02
source_artifact_1b2a05e2d50c9b06	corpus_db_lead_angrist_learning_curve_2023	data_file	local_file	data/raw/replication_projects/lead_harvest/angrist_learning_curve_2023/landing_probe.json	corpus_db_lead_angrist_learning_curve_2023	landing_probe.json				data/raw/replication_projects/lead_harvest/angrist_learning_curve_2023	landing_probe.json	json	application/json	456	data/raw/replication_projects/lead_harvest/angrist_learning_curve_2023/landing_probe.json	ddc21c9a679ed8864d095779c7b7a4d83249411c750d6e309957eeabc73536ed	result_artifact_local_candidate	downloaded	json_metadata_inventory						mirror_sample_and_route_parser_candidate	Codex-local artifact proposal; source_reason=local_mirror_identification_still_needed	2026-05-02
source_artifact_c14ecd7d6c38f56c	corpus_db_lead_angrist_learning_curve_2023	code_file	local_file	data/raw/replication_projects/lead_harvest/angrist_learning_curve_2023/openicpsr_189561_v1/main.do	corpus_db_lead_angrist_learning_curve_2023	main.do				data/raw/replication_projects/lead_harvest/angrist_learning_curve_2023/openicpsr_189561_v1	main.do	do		8375	data/raw/replication_projects/lead_harvest/angrist_learning_curve_2023/openicpsr_189561_v1/main.do	bc3d5f7ea828b3b9656efc8c7b9fee96f03ff1f00ad1d5d656af6b9f455c90d9	result_artifact_local_candidate	downloaded	analysis_code_inventory						mirror_sample_and_route_parser_candidate	Codex-local artifact proposal; source_reason=local_mirror_identification_still_needed	2026-05-02
source_artifact_d91116e9a7d27572	corpus_db_lead_angrist_learning_curve_2023	archive_file	local_file	data/raw/replication_projects/lead_harvest/angrist_learning_curve_2023/openicpsr_189561_v1.zip	corpus_db_lead_angrist_learning_curve_2023	openicpsr_189561_v1.zip				data/raw/replication_projects/lead_harvest/angrist_learning_curve_2023	openicpsr_189561_v1.zip	zip	application/zip	409256	data/raw/replication_projects/lead_harvest/angrist_learning_curve_2023/openicpsr_189561_v1.zip	0f43c28ff6fb26178fb1459db3bfb0eb7faea7d7cb3c0a538b7d0b63cf28adfb	result_artifact_local_candidate	downloaded	zip_member_inventory			filename terms: r_			mirror_sample_and_route_parser_candidate	Codex-local artifact proposal; source_reason=local_mirror_identification_still_needed	2026-05-02
source_artifact_0da7266d8042f5e6	corpus_db_lead_angrist_learning_curve_2023	data_file	local_file	data/raw/replication_projects/lead_harvest/angrist_learning_curve_2023/openicpsr_189561_v1/operation_taught_all.dta	corpus_db_lead_angrist_learning_curve_2023	operation_taught_all.dta				data/raw/replication_projects/lead_harvest/angrist_learning_curve_2023/openicpsr_189561_v1	operation_taught_all.dta	dta		133253	data/raw/replication_projects/lead_harvest/angrist_learning_curve_2023/openicpsr_189561_v1/operation_taught_all.dta	52b2c02295d30c8d7233b18ce3c1ca32f6fdc856c828a9f6d9acaaff40705b63	result_artifact_local_candidate	downloaded	statistical_package_parser						mirror_sample_and_route_parser_candidate	Codex-local artifact proposal; source_reason=local_mirror_identification_still_needed	2026-05-02
source_artifact_66e5b2fd038c61cd	corpus_db_lead_border_2019	data_file	local_file	data/derived/replication_pairs/harvest/staged/border_2019__stage.csv	corpus_db_lead_border_2019	border_2019__stage.csv				data/derived/replication_pairs/harvest/staged	border_2019__stage.csv	csv	text/csv	819	data/derived/replication_pairs/harvest/staged/border_2019__stage.csv	b441b75015ba1b26f084ba93727023cc413ffe83d827cc46c48e609603edf929	result_artifact_local_candidate	downloaded	csv_table_parser			filename terms: r_			mirror_sample_and_route_parser_candidate	Codex-local artifact proposal; source_reason=local_mirror_identification_still_needed	2026-05-02
source_artifact_67190f63a0313bab	corpus_db_lead_border_2019	data_file	local_file	data/raw/replication_projects/lead_harvest/border_2019/landing_probe.json	corpus_db_lead_border_2019	landing_probe.json				data/raw/replication_projects/lead_harvest/border_2019	landing_probe.json	json	application/json	456	data/raw/replication_projects/lead_harvest/border_2019/landing_probe.json	00058a240f27397becc5eeacb98b74a9ffb642e5c08dfa30e084343104d662b7	result_artifact_local_candidate	downloaded	json_metadata_inventory						mirror_sample_and_route_parser_candidate	Codex-local artifact proposal; source_reason=local_mirror_identification_still_needed	2026-05-02
source_artifact_bac203af4978538c	corpus_db_lead_border_2019	article_or_supplement_pdf	local_file	data/raw/replication_projects/lead_harvest/border_2019/raw__Border_AJP_2019.pdf	corpus_db_lead_border_2019	raw__Border_AJP_2019.pdf				data/raw/replication_projects/lead_harvest/border_2019	raw__Border_AJP_2019.pdf	pdf	application/pdf	1251976	data/raw/replication_projects/lead_harvest/border_2019/raw__Border_AJP_2019.pdf	01c7409703614d2f546a112c3585ba26511edf757219d21564b843e68568c93a	result_artifact_local_candidate	downloaded	document_context_or_source_object_review			filename terms: r_			mirror_sample_and_route_parser_candidate	Codex-local artifact proposal; source_reason=local_mirror_identification_still_needed	2026-05-02
source_artifact_160137b4a535df93	corpus_db_lead_border_2019	data_file	local_file	data/raw/replication_projects/lead_harvest/border_2019/raw_download.json	corpus_db_lead_border_2019	raw_download.json				data/raw/replication_projects/lead_harvest/border_2019	raw_download.json	json	application/json	553	data/raw/replication_projects/lead_harvest/border_2019/raw_download.json	0b162077dc2904b81eef9bf3fa537146c9bc589db313afddff81c59e5cf1963c	result_artifact_local_candidate	downloaded	json_metadata_inventory						mirror_sample_and_route_parser_candidate	Codex-local artifact proposal; source_reason=local_mirror_identification_still_needed	2026-05-02
source_artifact_18a0c2dbf8195036	corpus_db_lead_border_2019	data_file	local_file	data/raw/replication_projects/lead_harvest/border_2019/raw_probe.json	corpus_db_lead_border_2019	raw_probe.json				data/raw/replication_projects/lead_harvest/border_2019	raw_probe.json	json	application/json	439	data/raw/replication_projects/lead_harvest/border_2019/raw_probe.json	3963308107613bc066e24f22a4a422eb4a7666c06bde993248315c96f3ddcc43	result_artifact_local_candidate	downloaded	json_metadata_inventory						mirror_sample_and_route_parser_candidate	Codex-local artifact proposal; source_reason=local_mirror_identification_still_needed	2026-05-02
source_artifact_62b0be47915b5601	corpus_db_lead_coppock_2019	data_file	local_file	data/derived/replication_pairs/harvest/staged/coppock_2019__stage.csv	corpus_db_lead_coppock_2019	coppock_2019__stage.csv				data/derived/replication_pairs/harvest/staged	coppock_2019__stage.csv	csv	text/csv	834	data/derived/replication_pairs/harvest/staged/coppock_2019__stage.csv	8b329362940762c9b492a7fe04060529e6282cbd1a402c0ba3dc8e0d4c9f8366	result_artifact_local_candidate	downloaded	csv_table_parser						mirror_sample_and_route_parser_candidate	Codex-local artifact proposal; source_reason=local_mirror_identification_still_needed	2026-05-02
source_artifact_9f242a061068001c	corpus_db_lead_coppock_2019	archive_file	local_file	data/raw/replication_projects/lead_harvest/coppock_2019/dataverse_dvn_f1cffm/dataverse_files.zip	corpus_db_lead_coppock_2019	dataverse_files.zip				data/raw/replication_projects/lead_harvest/coppock_2019/dataverse_dvn_f1cffm	dataverse_files.zip	zip	application/zip	2165119	data/raw/replication_projects/lead_harvest/coppock_2019/dataverse_dvn_f1cffm/dataverse_files.zip	c356cfd238629dfb561f17c827368d0f64aca6b9a86ae4c80c899f19c3784c75	result_artifact_local_candidate	downloaded	zip_member_inventory						mirror_sample_and_route_parser_candidate	Codex-local artifact proposal; source_reason=local_mirror_identification_still_needed	2026-05-02
source_artifact_4e987e3b6b7df1c8	corpus_db_lead_coppock_2019	data_file	local_file	data/raw/replication_projects/lead_harvest/coppock_2019/landing_probe.json	corpus_db_lead_coppock_2019	landing_probe.json				data/raw/replication_projects/lead_harvest/coppock_2019	landing_probe.json	json	application/json	441	data/raw/replication_projects/lead_harvest/coppock_2019/landing_probe.json	52a316d310da09e5eb80fe232398c0fc9dcc67f85c8513d6bfcee210249c9301	result_artifact_local_candidate	downloaded	json_metadata_inventory						mirror_sample_and_route_parser_candidate	Codex-local artifact proposal; source_reason=local_mirror_identification_still_needed	2026-05-02
source_artifact_c2756e0a34d210cc	corpus_db_lead_eef_regrants	data_file	local_file	data/derived/replication_pairs/harvest/staged/eef_regrants__stage.csv	corpus_db_lead_eef_regrants	eef_regrants__stage.csv				data/derived/replication_pairs/harvest/staged	eef_regrants__stage.csv	csv	text/csv	503	data/derived/replication_pairs/harvest/staged/eef_regrants__stage.csv	c24b8180ed9572b0a93743155cda55a368da9df0da5218fdb5c7fb67d683994f	result_artifact_local_candidate	downloaded	csv_table_parser						mirror_sample_and_route_parser_candidate	Codex-local artifact proposal; source_reason=local_mirror_identification_still_needed	2026-05-02
source_artifact_08e27848201f74a8	corpus_db_lead_eef_regrants	data_file	local_file	data/raw/replication_projects/lead_harvest/eef_regrants/landing_probe.json	corpus_db_lead_eef_regrants	landing_probe.json				data/raw/replication_projects/lead_harvest/eef_regrants	landing_probe.json	json	application/json	482	data/raw/replication_projects/lead_harvest/eef_regrants/landing_probe.json	e9bb6f310c53c5ac068ff69af4bdf0db6e73b383c15088dc48eb9368e78440e7	result_artifact_local_candidate	downloaded	json_metadata_inventory						mirror_sample_and_route_parser_candidate	Codex-local artifact proposal; source_reason=local_mirror_identification_still_needed	2026-05-02
source_artifact_51aa57f83e6d6e68	corpus_db_lead_ern_pe_rrr_openneuro	data_file	local_file	data/raw/replication_projects/lead_harvest/ern_pe_rrr_openneuro/osf_8cbua_7ku9r/ReliabilityTable.csv	corpus_db_lead_ern_pe_rrr_openneuro	ReliabilityTable.csv				data/raw/replication_projects/lead_harvest/ern_pe_rrr_openneuro/osf_8cbua_7ku9r	ReliabilityTable.csv	csv	text/csv	1688	data/raw/replication_projects/lead_harvest/ern_pe_rrr_openneuro/osf_8cbua_7ku9r/ReliabilityTable.csv	f026169ad45c6913fe97fe81a31ac847ccbbe70751cc3f61931ecdd1c2f6ad28	result_artifact_local_candidate	downloaded	csv_table_parser						mirror_sample_and_route_parser_candidate	Codex-local artifact proposal; source_reason=local_mirror_identification_still_needed	2026-05-02
source_artifact_5d0df48395930fb8	corpus_db_lead_ern_pe_rrr_openneuro	data_file	local_file	data/derived/replication_pairs/harvest/staged/ern_pe_rrr_openneuro__stage.csv	corpus_db_lead_ern_pe_rrr_openneuro	ern_pe_rrr_openneuro__stage.csv				data/derived/replication_pairs/harvest/staged	ern_pe_rrr_openneuro__stage.csv	csv	text/csv	818	data/derived/replication_pairs/harvest/staged/ern_pe_rrr_openneuro__stage.csv	7927e5364985162136672c0fe067e3b4273cf9c7f18cd513e2dce52466e96927	result_artifact_local_candidate	downloaded	csv_table_parser			filename terms: r_			mirror_sample_and_route_parser_candidate	Codex-local artifact proposal; source_reason=local_mirror_identification_still_needed	2026-05-02
source_artifact_cabfcad70fd7bce7	corpus_db_lead_ern_pe_rrr_openneuro	data_file	local_file	data/raw/replication_projects/lead_harvest/ern_pe_rrr_openneuro/osf_8cbua_7ku9r/gavs_resp.csv	corpus_db_lead_ern_pe_rrr_openneuro	gavs_resp.csv				data/raw/replication_projects/lead_harvest/ern_pe_rrr_openneuro/osf_8cbua_7ku9r	gavs_resp.csv	csv	text/csv	584315	data/raw/replication_projects/lead_harvest/ern_pe_rrr_openneuro/osf_8cbua_7ku9r/gavs_resp.csv	7221024b89d7c52d8d17105b40341da002649bc758d941fa8d7378a145f9c08e	result_artifact_local_candidate	downloaded	csv_table_parser						mirror_sample_and_route_parser_candidate	Codex-local artifact proposal; source_reason=local_mirror_identification_still_needed	2026-05-02
source_artifact_f62f4cb104b83bfe	corpus_db_lead_ern_pe_rrr_openneuro	data_file	local_file	data/raw/replication_projects/lead_harvest/ern_pe_rrr_openneuro/osf_8cbua_7ku9r/gavs_stim.csv	corpus_db_lead_ern_pe_rrr_openneuro	gavs_stim.csv				data/raw/replication_projects/lead_harvest/ern_pe_rrr_openneuro/osf_8cbua_7ku9r	gavs_stim.csv	csv	text/csv	439188	data/raw/replication_projects/lead_harvest/ern_pe_rrr_openneuro/osf_8cbua_7ku9r/gavs_stim.csv	e3b3e46f8694152bcb51ee98767c70ac47df5e4a10a8262e605c4d594f163b83	result_artifact_local_candidate	downloaded	csv_table_parser						mirror_sample_and_route_parser_candidate	Codex-local artifact proposal; source_reason=local_mirror_identification_still_needed	2026-05-02
source_artifact_3ba03d4efa46113b	corpus_db_lead_ern_pe_rrr_openneuro	data_file	local_file	data/raw/replication_projects/lead_harvest/ern_pe_rrr_openneuro/landing_probe.json	corpus_db_lead_ern_pe_rrr_openneuro	landing_probe.json				data/raw/replication_projects/lead_harvest/ern_pe_rrr_openneuro	landing_probe.json	json	application/json	431	data/raw/replication_projects/lead_harvest/ern_pe_rrr_openneuro/landing_probe.json	75baedcf2e9005a861ee8d7c3176aa017921a182be35ebd56ed1eebe5f54eba8	result_artifact_local_candidate	downloaded	json_metadata_inventory						mirror_sample_and_route_parser_candidate	Codex-local artifact proposal; source_reason=local_mirror_identification_still_needed	2026-05-02
source_artifact_cc6d06cc6bdfc6a6	corpus_db_lead_ern_pe_rrr_openneuro	data_file	local_file	data/raw/replication_projects/lead_harvest/ern_pe_rrr_openneuro/osf_8cbua_7ku9r/rrr_ern_alldata.RData	corpus_db_lead_ern_pe_rrr_openneuro	rrr_ern_alldata.RData				data/raw/replication_projects/lead_harvest/ern_pe_rrr_openneuro/osf_8cbua_7ku9r	rrr_ern_alldata.RData	rdata		6280604	data/raw/replication_projects/lead_harvest/ern_pe_rrr_openneuro/osf_8cbua_7ku9r/rrr_ern_alldata.RData	4e388d15492f2bdd2c3fcef90874a5e0365ba86556837665cde6d98c91989f6e	result_artifact_local_candidate	downloaded	r_data_parser			filename terms: r_			mirror_sample_and_route_parser_candidate	Codex-local artifact proposal; source_reason=local_mirror_identification_still_needed	2026-05-02
source_artifact_d8274c1360960bf7	corpus_db_lead_ibl_repro_ephys_2024	data_file	local_file	data/derived/replication_pairs/harvest/staged/ibl_repro_ephys_2024__stage.csv	corpus_db_lead_ibl_repro_ephys_2024	ibl_repro_ephys_2024__stage.csv				data/derived/replication_pairs/harvest/staged	ibl_repro_ephys_2024__stage.csv	csv	text/csv	524	data/derived/replication_pairs/harvest/staged/ibl_repro_ephys_2024__stage.csv	339ee03c881feb0b563f26abfdba4d11a5ed4d8ea7a33e3c03820127550e5aa5	result_artifact_local_candidate	downloaded	csv_table_parser						mirror_sample_and_route_parser_candidate	Codex-local artifact proposal; source_reason=local_mirror_identification_still_needed	2026-05-02
source_artifact_d5bb553b48153ce3	corpus_db_lead_ibl_repro_ephys_2024	data_file	local_file	data/raw/replication_projects/lead_harvest/ibl_repro_ephys_2024/landing_probe.json	corpus_db_lead_ibl_repro_ephys_2024	landing_probe.json				data/raw/replication_projects/lead_harvest/ibl_repro_ephys_2024	landing_probe.json	json	application/json	429	data/raw/replication_projects/lead_harvest/ibl_repro_ephys_2024/landing_probe.json	912a6988440426223ee45788d1b525143f65bbb80e5c78bd316310041e03fda0	result_artifact_local_candidate	downloaded	json_metadata_inventory						mirror_sample_and_route_parser_candidate	Codex-local artifact proposal; source_reason=local_mirror_identification_still_needed	2026-05-02
source_artifact_6103f8bd2dfba2f1	corpus_db_lead_ies_systematic_replication	data_file	local_file	data/derived/replication_pairs/harvest/staged/ies_systematic_replication__stage.csv	corpus_db_lead_ies_systematic_replication	ies_systematic_replication__stage.csv				data/derived/replication_pairs/harvest/staged	ies_systematic_replication__stage.csv	csv	text/csv	499	data/derived/replication_pairs/harvest/staged/ies_systematic_replication__stage.csv	f2db8d36fc0399770e9e0eae3e05e02f98293ddee2ed67e97daefb13bbd467c0	result_artifact_local_candidate	downloaded	csv_table_parser	filename terms: replication | repli					mirror_sample_and_route_parser_candidate	Codex-local artifact proposal; source_reason=local_mirror_identification_still_needed	2026-05-02
source_artifact_faef17430a3ff024	corpus_db_lead_ies_systematic_replication	data_file	local_file	data/raw/replication_projects/lead_harvest/ies_systematic_replication/landing_probe.json	corpus_db_lead_ies_systematic_replication	landing_probe.json				data/raw/replication_projects/lead_harvest/ies_systematic_replication	landing_probe.json	json	application/json	537	data/raw/replication_projects/lead_harvest/ies_systematic_replication/landing_probe.json	0e646a6604e6b9360c7a481ded220088e9f95f00ae6ec98d4727affcb9a4f62a	result_artifact_local_candidate	downloaded	json_metadata_inventory						mirror_sample_and_route_parser_candidate	Codex-local artifact proposal; source_reason=local_mirror_identification_still_needed	2026-05-02
source_artifact_506964a6567e44e0	corpus_db_lead_jaljuli_kafkafi_2023	data_file	local_file	data/derived/replication_pairs/harvest/staged/jaljuli_kafkafi_2023__stage.csv	corpus_db_lead_jaljuli_kafkafi_2023	jaljuli_kafkafi_2023__stage.csv				data/derived/replication_pairs/harvest/staged	jaljuli_kafkafi_2023__stage.csv	csv	text/csv	413	data/derived/replication_pairs/harvest/staged/jaljuli_kafkafi_2023__stage.csv	ec83ce8ebdcbe169330d4fc4cf78e9b313dfd33fa4846a2f6fd59100e442dc82	result_artifact_local_candidate	downloaded	csv_table_parser						mirror_sample_and_route_parser_candidate	Codex-local artifact proposal; source_reason=local_mirror_identification_still_needed	2026-05-02
source_artifact_929b37d79681323a	corpus_db_lead_jaljuli_kafkafi_2023	data_file	local_file	data/raw/replication_projects/lead_harvest/jaljuli_kafkafi_2023/landing_probe.json	corpus_db_lead_jaljuli_kafkafi_2023	landing_probe.json				data/raw/replication_projects/lead_harvest/jaljuli_kafkafi_2023	landing_probe.json	json	application/json	392	data/raw/replication_projects/lead_harvest/jaljuli_kafkafi_2023/landing_probe.json	c86fca4a1941628a74e2171114c01f7f16ba12c776c5000fbc66b0f1adf34711	result_artifact_local_candidate	downloaded	json_metadata_inventory						mirror_sample_and_route_parser_candidate	Codex-local artifact proposal; source_reason=local_mirror_identification_still_needed	2026-05-02
source_artifact_3a5ec544d886a8a4	corpus_db_lead_manyclasses_2	data_file	local_file	data/raw/replication_projects/lead_harvest/manyclasses_2/analysis/analysis_set_top.Rdata	corpus_db_lead_manyclasses_2	analysis_set_top.Rdata				data/raw/replication_projects/lead_harvest/manyclasses_2/analysis	analysis_set_top.Rdata	rdata		39460	data/raw/replication_projects/lead_harvest/manyclasses_2/analysis/analysis_set_top.Rdata	0be3483e6dc136732e5a3b7236d7f3971e8b1e44b43db8edcf129f1982c5bc41	result_artifact_local_candidate	downloaded	r_data_parser						mirror_sample_and_route_parser_candidate	Codex-local artifact proposal; source_reason=local_mirror_identification_still_needed	2026-05-02
source_artifact_48c75cf5a44ec499	corpus_db_lead_manyclasses_2	data_file	local_file	data/raw/replication_projects/lead_harvest/manyclasses_2/analysis/analysis_set_w34.Rdata	corpus_db_lead_manyclasses_2	analysis_set_w34.Rdata				data/raw/replication_projects/lead_harvest/manyclasses_2/analysis	analysis_set_w34.Rdata	rdata		34289	data/raw/replication_projects/lead_harvest/manyclasses_2/analysis/analysis_set_w34.Rdata	6fd36e0418ff5c076fce3750f7894860de72d66ac31fd25fe8590a5865c905d7	result_artifact_local_candidate	downloaded	r_data_parser						mirror_sample_and_route_parser_candidate	Codex-local artifact proposal; source_reason=local_mirror_identification_still_needed	2026-05-02
source_artifact_a6f4ac3afc903c1e	corpus_db_lead_manyclasses_2	data_file	local_file	data/raw/replication_projects/lead_harvest/manyclasses_2/landing_probe.json	corpus_db_lead_manyclasses_2	landing_probe.json				data/raw/replication_projects/lead_harvest/manyclasses_2	landing_probe.json	json	application/json	358	data/raw/replication_projects/lead_harvest/manyclasses_2/landing_probe.json	199e9f71ccef0b2178757970b5ec6cd00be0e70f185efa896aae9f6c110371db	result_artifact_local_candidate	downloaded	json_metadata_inventory						mirror_sample_and_route_parser_candidate	Codex-local artifact proposal; source_reason=local_mirror_identification_still_needed	2026-05-02
source_artifact_00a58264b98e7534	corpus_db_lead_manyclasses_2	data_file	local_file	data/derived/replication_pairs/harvest/staged/manyclasses_2__stage.csv	corpus_db_lead_manyclasses_2	manyclasses_2__stage.csv				data/derived/replication_pairs/harvest/staged	manyclasses_2__stage.csv	csv	text/csv	972	data/derived/replication_pairs/harvest/staged/manyclasses_2__stage.csv	c88e0b7c79262213c5536c497a61829194e021c293c6801e0213cc556b2c1a03	result_artifact_local_candidate	downloaded	csv_table_parser						mirror_sample_and_route_parser_candidate	Codex-local artifact proposal; source_reason=local_mirror_identification_still_needed	2026-05-02
source_artifact_505868554b9b221d	corpus_db_lead_manyclasses_2	data_file	local_file	data/raw/replication_projects/lead_harvest/manyclasses_2/osf_01__video_codes.xlsx	corpus_db_lead_manyclasses_2	osf_01__video_codes.xlsx				data/raw/replication_projects/lead_harvest/manyclasses_2	osf_01__video_codes.xlsx	xlsx	application/vnd.openxmlformats-officedocument.spreadsheetml.sheet	21101	data/raw/replication_projects/lead_harvest/manyclasses_2/osf_01__video_codes.xlsx	4bb7e52c234a3bac4970ea8437d21ef663c2a6e7f22f967ad348aaecf8140294	result_artifact_local_candidate	downloaded	xlsx_workbook_parser						mirror_sample_and_route_parser_candidate	Codex-local artifact proposal; source_reason=local_mirror_identification_still_needed	2026-05-02
source_artifact_f21fd1562e1af7a6	corpus_db_lead_manyclasses_2	data_file	local_file	data/raw/replication_projects/lead_harvest/manyclasses_2/osf_01_download.json	corpus_db_lead_manyclasses_2	osf_01_download.json				data/raw/replication_projects/lead_harvest/manyclasses_2	osf_01_download.json	json	application/json	1192	data/raw/replication_projects/lead_harvest/manyclasses_2/osf_01_download.json	82892db9055ac71624785bf5f3eddf49a1ff2e0f6a71722b985e2c5198f0f8cd	result_artifact_local_candidate	downloaded	json_metadata_inventory						mirror_sample_and_route_parser_candidate	Codex-local artifact proposal; source_reason=local_mirror_identification_still_needed	2026-05-02
source_artifact_5ab2eb360ca61e4c	corpus_db_lead_manyclasses_2	data_file	local_file	data/raw/replication_projects/lead_harvest/manyclasses_2/osf_02__prequestions_codes.xlsx	corpus_db_lead_manyclasses_2	osf_02__prequestions_codes.xlsx				data/raw/replication_projects/lead_harvest/manyclasses_2	osf_02__prequestions_codes.xlsx	xlsx	application/vnd.openxmlformats-officedocument.spreadsheetml.sheet	53239	data/raw/replication_projects/lead_harvest/manyclasses_2/osf_02__prequestions_codes.xlsx	c0d222d7d802228df2c0cb6282fd5e1533e0e50ef4bcc5c07bf10b78bde50dbf	result_artifact_local_candidate	downloaded	xlsx_workbook_parser						mirror_sample_and_route_parser_candidate	Codex-local artifact proposal; source_reason=local_mirror_identification_still_needed	2026-05-02
source_artifact_b5ddfffbc5d3516b	corpus_db_lead_manyclasses_2	data_file	local_file	data/raw/replication_projects/lead_harvest/manyclasses_2/osf_02_download.json	corpus_db_lead_manyclasses_2	osf_02_download.json				data/raw/replication_projects/lead_harvest/manyclasses_2	osf_02_download.json	json	application/json	1205	data/raw/replication_projects/lead_harvest/manyclasses_2/osf_02_download.json	28a7869b567a6a36719ae212b4d008043ffce3685331f4fcb16f548ef960c339	result_artifact_local_candidate	downloaded	json_metadata_inventory						mirror_sample_and_route_parser_candidate	Codex-local artifact proposal; source_reason=local_mirror_identification_still_needed	2026-05-02
source_artifact_34904f1860bc231b	corpus_db_lead_manyclasses_2	code_file	local_file	data/raw/replication_projects/lead_harvest/manyclasses_2/osf_03__performance_analysis.R	corpus_db_lead_manyclasses_2	osf_03__performance_analysis.R				data/raw/replication_projects/lead_harvest/manyclasses_2	osf_03__performance_analysis.R	r		5040	data/raw/replication_projects/lead_harvest/manyclasses_2/osf_03__performance_analysis.R	8ebc16d7779d1a43997637b47c82d8c3ace9061a2ba2f86eeac175c15c3bc93e	result_artifact_local_candidate	downloaded	analysis_code_inventory						mirror_sample_and_route_parser_candidate	Codex-local artifact proposal; source_reason=local_mirror_identification_still_needed	2026-05-02
source_artifact_287c6f4018de898b	corpus_db_lead_manyclasses_2	data_file	local_file	data/raw/replication_projects/lead_harvest/manyclasses_2/osf_03_download.json	corpus_db_lead_manyclasses_2	osf_03_download.json				data/raw/replication_projects/lead_harvest/manyclasses_2	osf_03_download.json	json	application/json	1216	data/raw/replication_projects/lead_harvest/manyclasses_2/osf_03_download.json	6d55630398916f68fe58e57e46834d5aea2050468b61091773c147d2797df9ef	result_artifact_local_candidate	downloaded	json_metadata_inventory						mirror_sample_and_route_parser_candidate	Codex-local artifact proposal; source_reason=local_mirror_identification_still_needed	2026-05-02
source_artifact_a5e8dfb7a6b399d0	corpus_db_lead_manyclasses_2	code_file	local_file	data/raw/replication_projects/lead_harvest/manyclasses_2/osf_04__eventcount_analysis.R	corpus_db_lead_manyclasses_2	osf_04__eventcount_analysis.R				data/raw/replication_projects/lead_harvest/manyclasses_2	osf_04__eventcount_analysis.R	r		5794	data/raw/replication_projects/lead_harvest/manyclasses_2/osf_04__eventcount_analysis.R	f98f8fb49c8a96ea63c83f264fbfb50d11f3d4a927a466321270f2c7cdf608c1	result_artifact_local_candidate	downloaded	analysis_code_inventory						mirror_sample_and_route_parser_candidate	Codex-local artifact proposal; source_reason=local_mirror_identification_still_needed	2026-05-02
source_artifact_c5e118a55738ba11	corpus_db_lead_manyclasses_2	data_file	local_file	data/raw/replication_projects/lead_harvest/manyclasses_2/osf_04_download.json	corpus_db_lead_manyclasses_2	osf_04_download.json				data/raw/replication_projects/lead_harvest/manyclasses_2	osf_04_download.json	json	application/json	1193	data/raw/replication_projects/lead_harvest/manyclasses_2/osf_04_download.json	d5f8d7623314f1b48202ace3040faebf22d50b2b0de1b2cb5963453849442342	result_artifact_local_candidate	downloaded	json_metadata_inventory						mirror_sample_and_route_parser_candidate	Codex-local artifact proposal; source_reason=local_mirror_identification_still_needed	2026-05-02
source_artifact_1449ed0dd634d462	corpus_db_lead_manyclasses_2	code_file	local_file	data/raw/replication_projects/lead_harvest/manyclasses_2/osf_05__multiclass_performance_analysis.R	corpus_db_lead_manyclasses_2	osf_05__multiclass_performance_analysis.R				data/raw/replication_projects/lead_harvest/manyclasses_2	osf_05__multiclass_performance_analysis.R	r		6019	data/raw/replication_projects/lead_harvest/manyclasses_2/osf_05__multiclass_performance_analysis.R	073c382abfeae09527f110bab4ea04970476f8a99ce6d21493664cdaa6fe7fb1	result_artifact_local_candidate	downloaded	analysis_code_inventory						mirror_sample_and_route_parser_candidate	Codex-local artifact proposal; source_reason=local_mirror_identification_still_needed	2026-05-02
source_artifact_257ee1cec15dd60b	corpus_db_lead_manyclasses_2	data_file	local_file	data/raw/replication_projects/lead_harvest/manyclasses_2/osf_05_download.json	corpus_db_lead_manyclasses_2	osf_05_download.json				data/raw/replication_projects/lead_harvest/manyclasses_2	osf_05_download.json	json	application/json	1231	data/raw/replication_projects/lead_harvest/manyclasses_2/osf_05_download.json	f4653c097c9d5eb9d2f7ae9082dfd4d45becd5cf43878c4e0a5abb379ac1eef4	result_artifact_local_candidate	downloaded	json_metadata_inventory						mirror_sample_and_route_parser_candidate	Codex-local artifact proposal; source_reason=local_mirror_identification_still_needed	2026-05-02
source_artifact_4ccea818f1e4994f	corpus_db_lead_manyclasses_2	code_file	local_file	data/raw/replication_projects/lead_harvest/manyclasses_2/osf_06__combined_performance_analysis.R	corpus_db_lead_manyclasses_2	osf_06__combined_performance_analysis.R				data/raw/replication_projects/lead_harvest/manyclasses_2	osf_06__combined_performance_analysis.R	r		6096	data/raw/replication_projects/lead_harvest/manyclasses_2/osf_06__combined_performance_analysis.R	1b265a3fd247f00847f74e1669770d5e511be9bdddb21764997e8b750095c202	result_artifact_local_candidate	downloaded	analysis_code_inventory			filename terms: d_			mirror_sample_and_route_parser_candidate	Codex-local artifact proposal; source_reason=local_mirror_identification_still_needed	2026-05-02
source_artifact_34e2116681a8aa97	corpus_db_lead_manyclasses_2	data_file	local_file	data/raw/replication_projects/lead_harvest/manyclasses_2/osf_06_download.json	corpus_db_lead_manyclasses_2	osf_06_download.json				data/raw/replication_projects/lead_harvest/manyclasses_2	osf_06_download.json	json	application/json	1221	data/raw/replication_projects/lead_harvest/manyclasses_2/osf_06_download.json	15613e6c845575c94e9b94a5e48c7a5c0628e1958054fa405576f5ac09d69d72	result_artifact_local_candidate	downloaded	json_metadata_inventory						mirror_sample_and_route_parser_candidate	Codex-local artifact proposal; source_reason=local_mirror_identification_still_needed	2026-05-02
source_artifact_9ae6bfd3c8b02f36	corpus_db_lead_manyclasses_2	code_file	local_file	data/raw/replication_projects/lead_harvest/manyclasses_2/osf_07__preprocessing_and_aggregation.R	corpus_db_lead_manyclasses_2	osf_07__preprocessing_and_aggregation.R				data/raw/replication_projects/lead_harvest/manyclasses_2	osf_07__preprocessing_and_aggregation.R	r		10378	data/raw/replication_projects/lead_harvest/manyclasses_2/osf_07__preprocessing_and_aggregation.R	5341a1c22c0381853c6639dbc34f34dfd463d6b90ffbcb1eb6cce8590e6b2c21	result_artifact_local_candidate	downloaded	analysis_code_inventory			filename terms: d_			mirror_sample_and_route_parser_candidate	Codex-local artifact proposal; source_reason=local_mirror_identification_still_needed	2026-05-02
source_artifact_10bc704a1b6a58ad	corpus_db_lead_manyclasses_2	data_file	local_file	data/raw/replication_projects/lead_harvest/manyclasses_2/osf_07_download.json	corpus_db_lead_manyclasses_2	osf_07_download.json				data/raw/replication_projects/lead_harvest/manyclasses_2	osf_07_download.json	json	application/json	1225	data/raw/replication_projects/lead_harvest/manyclasses_2/osf_07_download.json	11c3f89bcfc540d61eb3b84482dc67b326bb55cf4d04a3ee8374d4d0c5160dcc	result_artifact_local_candidate	downloaded	json_metadata_inventory						mirror_sample_and_route_parser_candidate	Codex-local artifact proposal; source_reason=local_mirror_identification_still_needed	2026-05-02
source_artifact_f17043ea3c0685cc	corpus_db_lead_manyclasses_2	code_file	local_file	data/raw/replication_projects/lead_harvest/manyclasses_2/osf_08__combined_viewduration_analysis.R	corpus_db_lead_manyclasses_2	osf_08__combined_viewduration_analysis.R				data/raw/replication_projects/lead_harvest/manyclasses_2	osf_08__combined_viewduration_analysis.R	r		13897	data/raw/replication_projects/lead_harvest/manyclasses_2/osf_08__combined_viewduration_analysis.R	aa7b7723be6a9105e08653988e6132f48e7c491c185faa98e3bdf196600357aa	result_artifact_local_candidate	downloaded	analysis_code_inventory			filename terms: d_			mirror_sample_and_route_parser_candidate	Codex-local artifact proposal; source_reason=local_mirror_identification_still_needed	2026-05-02
source_artifact_b12261b7d733f539	corpus_db_lead_manyclasses_2	code_file	local_file	data/raw/replication_projects/lead_harvest/manyclasses_2/osf_09__viewduration_analysis.R	corpus_db_lead_manyclasses_2	osf_09__viewduration_analysis.R				data/raw/replication_projects/lead_harvest/manyclasses_2	osf_09__viewduration_analysis.R	r		13898	data/raw/replication_projects/lead_harvest/manyclasses_2/osf_09__viewduration_analysis.R	66e0ff948d86d3b53f66af8f9f952360e75a6054fc46920efcc64b6df99df67a	result_artifact_local_candidate	downloaded	analysis_code_inventory						mirror_sample_and_route_parser_candidate	Codex-local artifact proposal; source_reason=local_mirror_identification_still_needed	2026-05-02
source_artifact_e19dc627c456bb76	corpus_db_lead_manyclasses_2	code_file	local_file	data/raw/replication_projects/lead_harvest/manyclasses_2/osf_10__PREPROCESSING.R	corpus_db_lead_manyclasses_2	osf_10__PREPROCESSING.R				data/raw/replication_projects/lead_harvest/manyclasses_2	osf_10__PREPROCESSING.R	r		22439	data/raw/replication_projects/lead_harvest/manyclasses_2/osf_10__PREPROCESSING.R	c067511bdd5772ee6bbdddc8b61edcaf2da3e524164ed6a45c246c6303fab00c	result_artifact_local_candidate	downloaded	analysis_code_inventory						mirror_sample_and_route_parser_candidate	Codex-local artifact proposal; source_reason=local_mirror_identification_still_needed	2026-05-02
source_artifact_62e396972cfe018b	corpus_db_lead_manyclasses_2	code_file	local_file	data/raw/replication_projects/lead_harvest/manyclasses_2/osf_11__02_BUILD_ANALYSIS_SET.R	corpus_db_lead_manyclasses_2	osf_11__02_BUILD_ANALYSIS_SET.R				data/raw/replication_projects/lead_harvest/manyclasses_2	osf_11__02_BUILD_ANALYSIS_SET.R	r		24203	data/raw/replication_projects/lead_harvest/manyclasses_2/osf_11__02_BUILD_ANALYSIS_SET.R	605cba8d6d7ac92dfcce2ddaae6e54f65316a6f20eee5dbd56d58b8e79bcc08b	result_artifact_local_candidate	downloaded	analysis_code_inventory			filename terms: d_			mirror_sample_and_route_parser_candidate	Codex-local artifact proposal; source_reason=local_mirror_identification_still_needed	2026-05-02
source_artifact_86a3619477d4cbb8	corpus_db_lead_manyclasses_2	code_file	local_file	data/raw/replication_projects/lead_harvest/manyclasses_2/osf_12__01_PREPROCESSING.R	corpus_db_lead_manyclasses_2	osf_12__01_PREPROCESSING.R				data/raw/replication_projects/lead_harvest/manyclasses_2	osf_12__01_PREPROCESSING.R	r		33934	data/raw/replication_projects/lead_harvest/manyclasses_2/osf_12__01_PREPROCESSING.R	4b00a926037341d85a9e8d1a171d5defec69a303e1415180a37e0da0479dae45	result_artifact_local_candidate	downloaded	analysis_code_inventory						mirror_sample_and_route_parser_candidate	Codex-local artifact proposal; source_reason=local_mirror_identification_still_needed	2026-05-02
source_artifact_5cd4ea0c4312075f	corpus_db_lead_manyclasses_2	data_file	local_file	data/raw/replication_projects/lead_harvest/manyclasses_2/osf_file_list.csv	corpus_db_lead_manyclasses_2	osf_file_list.csv				data/raw/replication_projects/lead_harvest/manyclasses_2	osf_file_list.csv	csv	text/csv	25383	data/raw/replication_projects/lead_harvest/manyclasses_2/osf_file_list.csv	c127da9fd1cf63c448e59172bdce7a457e90a06c993fc3732f967308e157adf4	result_artifact_local_candidate	downloaded	csv_table_parser						mirror_sample_and_route_parser_candidate	Codex-local artifact proposal; source_reason=local_mirror_identification_still_needed	2026-05-02
source_artifact_70d73b5debfe2d82	corpus_db_lead_manyclasses_2	data_file	local_file	data/raw/replication_projects/lead_harvest/manyclasses_2/osf_manifest.json	corpus_db_lead_manyclasses_2	osf_manifest.json				data/raw/replication_projects/lead_harvest/manyclasses_2	osf_manifest.json	json	application/json	44946	data/raw/replication_projects/lead_harvest/manyclasses_2/osf_manifest.json	050d3a52b1179fac29d0197fb4ffd5548fb9baf0fab1fb5aa16d36f7ec4a57ff	result_artifact_local_candidate	downloaded	json_metadata_inventory						mirror_sample_and_route_parser_candidate	Codex-local artifact proposal; source_reason=local_mirror_identification_still_needed	2026-05-02
source_artifact_3c64325db431ad44	corpus_db_lead_manyclasses_2	data_file	local_file	data/raw/replication_projects/lead_harvest/manyclasses_2/analysis/processed_data_top.Rdata	corpus_db_lead_manyclasses_2	processed_data_top.Rdata				data/raw/replication_projects/lead_harvest/manyclasses_2/analysis	processed_data_top.Rdata	rdata		1005254	data/raw/replication_projects/lead_harvest/manyclasses_2/analysis/processed_data_top.Rdata	e27c3290107db8381041f0a2c30873218a47c6c51ab158bed44c87c0f5649a3d	result_artifact_local_candidate	downloaded	r_data_parser			filename terms: d_			mirror_sample_and_route_parser_candidate	Codex-local artifact proposal; source_reason=local_mirror_identification_still_needed	2026-05-02
source_artifact_0d28c95980f466fb	corpus_db_lead_manyclasses_2	data_file	local_file	data/raw/replication_projects/lead_harvest/manyclasses_2/analysis/processed_data_w34.Rdata	corpus_db_lead_manyclasses_2	processed_data_w34.Rdata				data/raw/replication_projects/lead_harvest/manyclasses_2/analysis	processed_data_w34.Rdata	rdata		925171	data/raw/replication_projects/lead_harvest/manyclasses_2/analysis/processed_data_w34.Rdata	1d6f8908c770f55d1efee8ad5eff9d7eadf0665a33022973ab14541ffef48d0c	result_artifact_local_candidate	downloaded	r_data_parser			filename terms: d_			mirror_sample_and_route_parser_candidate	Codex-local artifact proposal; source_reason=local_mirror_identification_still_needed	2026-05-02
source_artifact_191b95027fe27e71	corpus_db_lead_marcus_four_lab_replication_hcmv7	code_file	local_file	data/raw/replication_projects/lead_harvest/marcus_four_lab_replication_hcmv7/Analyses.Rmd	corpus_db_lead_marcus_four_lab_replication_hcmv7	Analyses.Rmd				data/raw/replication_projects/lead_harvest/marcus_four_lab_replication_hcmv7	Analyses.Rmd	rmd		31846	data/raw/replication_projects/lead_harvest/marcus_four_lab_replication_hcmv7/Analyses.Rmd	a1435d14b0c8772e0b96c5957ade3f3c75d4e65154d18b376cc6058587df9213	result_artifact_local_candidate	downloaded	analysis_code_inventory						mirror_sample_and_route_parser_candidate	Codex-local artifact proposal; source_reason=local_mirror_identification_still_needed	2026-05-02
source_artifact_acd8b3af179da819	corpus_db_lead_marcus_four_lab_replication_hcmv7	mirrored_website_result_catalog	local_file	data/raw/replication_projects/lead_harvest/marcus_four_lab_replication_hcmv7/Analyses.html	corpus_db_lead_marcus_four_lab_replication_hcmv7	Analyses.html				data/raw/replication_projects/lead_harvest/marcus_four_lab_replication_hcmv7	Analyses.html	html	text/html	2182839	data/raw/replication_projects/lead_harvest/marcus_four_lab_replication_hcmv7/Analyses.html	b4f48051596515c9fe20c64a3db74dcbd47a1b6ad8eae153cc782c3afd12221b	result_artifact_local_candidate	downloaded	document_context_or_source_object_review						mirror_sample_and_route_parser_candidate	Codex-local artifact proposal; source_reason=local_mirror_identification_still_needed	2026-05-02
source_artifact_a5e1c18287f34b32	corpus_db_lead_marcus_four_lab_replication_hcmv7	article_or_supplement_pdf	local_file	data/raw/replication_projects/lead_harvest/marcus_four_lab_replication_hcmv7/original_marcus_1999_rule_learning.pdf	corpus_db_lead_marcus_four_lab_replication_hcmv7	original_marcus_1999_rule_learning.pdf				data/raw/replication_projects/lead_harvest/marcus_four_lab_replication_hcmv7	original_marcus_1999_rule_learning.pdf	pdf	application/pdf	71082	data/raw/replication_projects/lead_harvest/marcus_four_lab_replication_hcmv7/original_marcus_1999_rule_learning.pdf	79d370f3378213c3ded0e7d4de605edc05e9c0ea87123415043ff451137dc2ae	result_artifact_local_candidate	downloaded	document_context_or_source_object_review	filename terms: original					mirror_sample_and_route_parser_candidate	Codex-local artifact proposal; source_reason=local_mirror_identification_still_needed	2026-05-02
source_artifact_4c7bb4923c2b94c5	corpus_db_lead_marcus_four_lab_replication_hcmv7	archive_file	local_file	data/raw/replication_projects/lead_harvest/marcus_four_lab_replication_hcmv7/osfstorage-hcmv7.zip	corpus_db_lead_marcus_four_lab_replication_hcmv7	osfstorage-hcmv7.zip				data/raw/replication_projects/lead_harvest/marcus_four_lab_replication_hcmv7	osfstorage-hcmv7.zip	zip	application/zip	2162688	data/raw/replication_projects/lead_harvest/marcus_four_lab_replication_hcmv7/osfstorage-hcmv7.zip	aea7837714fbee3ad1ebb2ee878757b48e2db16e1ad03953ecbd4a7a459a6f55	result_artifact_local_candidate	downloaded	zip_member_inventory						mirror_sample_and_route_parser_candidate	Codex-local artifact proposal; source_reason=local_mirror_identification_still_needed	2026-05-02
source_artifact_fb823843a3319606	corpus_db_lead_media_priming_2017	mirrored_website_result_catalog	local_file	data/raw/replication_projects/lead_harvest/media_priming_2017/cambridge_appendix/S2052263017000082.html	corpus_db_lead_media_priming_2017	S2052263017000082.html				data/raw/replication_projects/lead_harvest/media_priming_2017/cambridge_appendix	S2052263017000082.html	html	text/html	809030	data/raw/replication_projects/lead_harvest/media_priming_2017/cambridge_appendix/S2052263017000082.html	530e32760c661bf6c46ba432987be843d432533f02ebb7c12cad27039b6c2167	result_artifact_local_candidate	downloaded	document_context_or_source_object_review						mirror_sample_and_route_parser_candidate	Codex-local artifact proposal; source_reason=local_mirror_identification_still_needed	2026-05-02
source_artifact_8fc15ee6438f8482	corpus_db_lead_media_priming_2017	context_file	local_file	data/raw/replication_projects/lead_harvest/media_priming_2017/cambridge/S2052263017000082sup001.docx	corpus_db_lead_media_priming_2017	S2052263017000082sup001.docx				data/raw/replication_projects/lead_harvest/media_priming_2017/cambridge	S2052263017000082sup001.docx	docx	application/vnd.openxmlformats-officedocument.wordprocessingml.document	44490	data/raw/replication_projects/lead_harvest/media_priming_2017/cambridge/S2052263017000082sup001.docx	b188aefa7a07012037699a93c7b6036af55f8347d9f0f9d9aab8771b8044b8f2	result_artifact_local_candidate	downloaded	unknown						mirror_sample_and_route_parser_candidate	Codex-local artifact proposal; source_reason=local_mirror_identification_still_needed	2026-05-02
source_artifact_9f98da003636d89f	corpus_db_lead_media_priming_2017	data_file	local_file	data/raw/replication_projects/lead_harvest/media_priming_2017/dataverse_01_download.json	corpus_db_lead_media_priming_2017	dataverse_01_download.json				data/raw/replication_projects/lead_harvest/media_priming_2017	dataverse_01_download.json	json	application/json	347	data/raw/replication_projects/lead_harvest/media_priming_2017/dataverse_01_download.json	3c1ce3b9e78c50602fe93217e28cd16eaceed5ec6b23cb2905193ad0f2f7111b	result_artifact_local_candidate	downloaded	json_metadata_inventory						mirror_sample_and_route_parser_candidate	Codex-local artifact proposal; source_reason=local_mirror_identification_still_needed	2026-05-02
source_artifact_16180434bf5aafb2	corpus_db_lead_media_priming_2017	data_file	local_file	data/raw/replication_projects/lead_harvest/media_priming_2017/dataverse_file_list.csv	corpus_db_lead_media_priming_2017	dataverse_file_list.csv				data/raw/replication_projects/lead_harvest/media_priming_2017	dataverse_file_list.csv	csv	text/csv	293	data/raw/replication_projects/lead_harvest/media_priming_2017/dataverse_file_list.csv	6e2fb1f86164001f011f9fe790cd378084b14d986071fb25628f4c08a7f6a834	result_artifact_local_candidate	downloaded	csv_table_parser						mirror_sample_and_route_parser_candidate	Codex-local artifact proposal; source_reason=local_mirror_identification_still_needed	2026-05-02
source_artifact_64e6f1887d17a8e0	corpus_db_lead_media_priming_2017	data_file	local_file	data/raw/replication_projects/lead_harvest/media_priming_2017/dataverse_manifest.json	corpus_db_lead_media_priming_2017	dataverse_manifest.json				data/raw/replication_projects/lead_harvest/media_priming_2017	dataverse_manifest.json	json	application/json	6566	data/raw/replication_projects/lead_harvest/media_priming_2017/dataverse_manifest.json	77184d7aef96ea8c08fb892f376fd4637bafd0d2a4bbbdcc58d08bc7a863148a	result_artifact_local_candidate	downloaded	json_metadata_inventory						mirror_sample_and_route_parser_candidate	Codex-local artifact proposal; source_reason=local_mirror_identification_still_needed	2026-05-02
source_artifact_789ea30030801eb6	corpus_db_lead_media_priming_2017	data_file	local_file	data/raw/replication_projects/lead_harvest/media_priming_2017/landing_probe.json	corpus_db_lead_media_priming_2017	landing_probe.json				data/raw/replication_projects/lead_harvest/media_priming_2017	landing_probe.json	json	application/json	339	data/raw/replication_projects/lead_harvest/media_priming_2017/landing_probe.json	cc83bfb1bb88394058783ec9d90e2ba2036dcf706c0cffd0040a666986fa2cfd	result_artifact_local_candidate	downloaded	json_metadata_inventory						mirror_sample_and_route_parser_candidate	Codex-local artifact proposal; source_reason=local_mirror_identification_still_needed	2026-05-02
source_artifact_67146cb4d7a3a6d4	corpus_db_lead_media_priming_2017	data_file	local_file	data/raw/replication_projects/lead_harvest/media_priming_2017/dataverse_dvn_ecgado/media_priming.xls	corpus_db_lead_media_priming_2017	media_priming.xls				data/raw/replication_projects/lead_harvest/media_priming_2017/dataverse_dvn_ecgado	media_priming.xls	xls	application/vnd.ms-excel	339	data/raw/replication_projects/lead_harvest/media_priming_2017/dataverse_dvn_ecgado/media_priming.xls	532ab3f5f9e0926cec56e3d5911eb6266b4fea1ff59fad89bbe877f50f1cd473	result_artifact_local_candidate	downloaded	xlsx_workbook_parser						mirror_sample_and_route_parser_candidate	Codex-local artifact proposal; source_reason=local_mirror_identification_still_needed	2026-05-02
source_artifact_b02a637680fb3508	corpus_db_lead_media_priming_2017	data_file	local_file	data/raw/replication_projects/lead_harvest/media_priming_2017/media_priming.xls	corpus_db_lead_media_priming_2017	media_priming.xls				data/raw/replication_projects/lead_harvest/media_priming_2017	media_priming.xls	xls	application/vnd.ms-excel	339	data/raw/replication_projects/lead_harvest/media_priming_2017/media_priming.xls	532ab3f5f9e0926cec56e3d5911eb6266b4fea1ff59fad89bbe877f50f1cd473	result_artifact_local_candidate	downloaded	xlsx_workbook_parser						mirror_sample_and_route_parser_candidate	Codex-local artifact proposal; source_reason=local_mirror_identification_still_needed	2026-05-02
source_artifact_fa34e9126276d181	corpus_db_lead_media_priming_2017	data_file	local_file	data/derived/replication_pairs/harvest/staged/media_priming_2017__stage.csv	corpus_db_lead_media_priming_2017	media_priming_2017__stage.csv				data/derived/replication_pairs/harvest/staged	media_priming_2017__stage.csv	csv	text/csv	1263	data/derived/replication_pairs/harvest/staged/media_priming_2017__stage.csv	9a449ccd540ddfeaf981ead443239599343722a27dc4400a28ab6b99c4d8d5d2	result_artifact_local_candidate	downloaded	csv_table_parser						mirror_sample_and_route_parser_candidate	Codex-local artifact proposal; source_reason=local_mirror_identification_still_needed	2026-05-02
source_artifact_832df6aeb28e6486	corpus_db_lead_media_priming_2017	data_file	local_file	data/raw/replication_projects/lead_harvest/media_priming_2017/raw_download.json	corpus_db_lead_media_priming_2017	raw_download.json				data/raw/replication_projects/lead_harvest/media_priming_2017	raw_download.json	json	application/json	445	data/raw/replication_projects/lead_harvest/media_priming_2017/raw_download.json	b15e7cec1596970174ce9fba028861b20866b40e43bb8d626588342182586c68	result_artifact_local_candidate	downloaded	json_metadata_inventory						mirror_sample_and_route_parser_candidate	Codex-local artifact proposal; source_reason=local_mirror_identification_still_needed	2026-05-02
source_artifact_4e0e1d22dec54388	corpus_db_lead_media_priming_2017	data_file	local_file	data/raw/replication_projects/lead_harvest/media_priming_2017/raw_probe.json	corpus_db_lead_media_priming_2017	raw_probe.json				data/raw/replication_projects/lead_harvest/media_priming_2017	raw_probe.json	json	application/json	554	data/raw/replication_projects/lead_harvest/media_priming_2017/raw_probe.json	63c4ff545803f316c1083c59d92f1781a2402faccb6f1723f2d76d04c1f5d0db	result_artifact_local_candidate	downloaded	json_metadata_inventory						mirror_sample_and_route_parser_candidate	Codex-local artifact proposal; source_reason=local_mirror_identification_still_needed	2026-05-02
source_artifact_645ba069c9ad3398	corpus_db_lead_metaketa_i_2019	data_file	local_file	data/raw/replication_projects/lead_harvest/metaketa_i_2019/landing_probe.json	corpus_db_lead_metaketa_i_2019	landing_probe.json				data/raw/replication_projects/lead_harvest/metaketa_i_2019	landing_probe.json	json	application/json	401	data/raw/replication_projects/lead_harvest/metaketa_i_2019/landing_probe.json	c4c6ca1574aef3d3f6b1fbdefa20b3315cc29ab11f6fd552a3b70355e88a180a	result_artifact_local_candidate	downloaded	json_metadata_inventory						mirror_sample_and_route_parser_candidate	Codex-local artifact proposal; source_reason=local_mirror_identification_still_needed	2026-05-02
source_artifact_5a140415e9ae5181	corpus_db_lead_metaketa_i_2019	archive_file	local_file	data/raw/replication_projects/lead_harvest/metaketa_i_2019/github_metaketa_i/metaketa-i-main.zip	corpus_db_lead_metaketa_i_2019	metaketa-i-main.zip				data/raw/replication_projects/lead_harvest/metaketa_i_2019/github_metaketa_i	metaketa-i-main.zip	zip	application/zip	1211523745	data/raw/replication_projects/lead_harvest/metaketa_i_2019/github_metaketa_i/metaketa-i-main.zip	7684060285869bd3630f63d12c0c536cf6d8b8d07156189483e50f2e226ee368	result_artifact_local_candidate	downloaded	zip_member_inventory						mirror_sample_and_route_parser_candidate	Codex-local artifact proposal; source_reason=local_mirror_identification_still_needed	2026-05-02
source_artifact_9e3f7d4f3fd21e7c	corpus_db_lead_metaketa_i_2019	data_file	local_file	data/derived/replication_pairs/harvest/staged/metaketa_i_2019__stage.csv	corpus_db_lead_metaketa_i_2019	metaketa_i_2019__stage.csv				data/derived/replication_pairs/harvest/staged	metaketa_i_2019__stage.csv	csv	text/csv	749	data/derived/replication_pairs/harvest/staged/metaketa_i_2019__stage.csv	2daf728c2f91d61cbd9fb94abde747ef8bd595e3aa5b57306db32d02c4be7661	result_artifact_local_candidate	downloaded	csv_table_parser						mirror_sample_and_route_parser_candidate	Codex-local artifact proposal; source_reason=local_mirror_identification_still_needed	2026-05-02
source_artifact_cf0766c1a85fcbae	corpus_db_lead_metaketa_i_2019	data_file	local_file	data/raw/replication_projects/lead_harvest/metaketa_i_2019/raw_download.json	corpus_db_lead_metaketa_i_2019	raw_download.json				data/raw/replication_projects/lead_harvest/metaketa_i_2019	raw_download.json	json	application/json	346	data/raw/replication_projects/lead_harvest/metaketa_i_2019/raw_download.json	97122b308463fb125cb4026539a75488a622876219762583ab5911f2775868b4	result_artifact_local_candidate	downloaded	json_metadata_inventory						mirror_sample_and_route_parser_candidate	Codex-local artifact proposal; source_reason=local_mirror_identification_still_needed	2026-05-02
source_artifact_926e225222cfd19a	corpus_db_lead_metaketa_i_2019	data_file	local_file	data/raw/replication_projects/lead_harvest/metaketa_i_2019/raw_probe.json	corpus_db_lead_metaketa_i_2019	raw_probe.json				data/raw/replication_projects/lead_harvest/metaketa_i_2019	raw_probe.json	json	application/json	445	data/raw/replication_projects/lead_harvest/metaketa_i_2019/raw_probe.json	fbda5f1bcc1428620145bfd940a08f9913ebd5a45de817bb4d2cf2f92eefbef2	result_artifact_local_candidate	downloaded	json_metadata_inventory						mirror_sample_and_route_parser_candidate	Codex-local artifact proposal; source_reason=local_mirror_identification_still_needed	2026-05-02
source_artifact_4b87d93be5851220	corpus_db_lead_metaketa_iii_2021	archive_file	local_file	data/raw/replication_projects/lead_harvest/metaketa_iii_2021/osf_td2p3/EisenbarthGrahamRigterink-CommunityMonitoring-Replicationdata.zip	corpus_db_lead_metaketa_iii_2021	EisenbarthGrahamRigterink-CommunityMonitoring-Replicationdata.zip				data/raw/replication_projects/lead_harvest/metaketa_iii_2021/osf_td2p3	EisenbarthGrahamRigterink-CommunityMonitoring-Replicationdata.zip	zip	application/zip	287072028	data/raw/replication_projects/lead_harvest/metaketa_iii_2021/osf_td2p3/EisenbarthGrahamRigterink-CommunityMonitoring-Replicationdata.zip	14d3915950d462d89916b8a89b7f0acedb047aeee4472a1b8d893de6cc487a73	result_artifact_local_candidate	downloaded	zip_member_inventory	filename terms: replication | repli					mirror_sample_and_route_parser_candidate	Codex-local artifact proposal; source_reason=local_mirror_identification_still_needed	2026-05-02
source_artifact_716672ada44eb9fb	corpus_db_lead_metaketa_iii_2021	archive_file	local_file	data/raw/replication_projects/lead_harvest/metaketa_iii_2021/osf_td2p3/EisenbarthGrahamRigterink-RulesReminders-Replicationdata.zip	corpus_db_lead_metaketa_iii_2021	EisenbarthGrahamRigterink-RulesReminders-Replicationdata.zip				data/raw/replication_projects/lead_harvest/metaketa_iii_2021/osf_td2p3	EisenbarthGrahamRigterink-RulesReminders-Replicationdata.zip	zip	application/zip	2187998	data/raw/replication_projects/lead_harvest/metaketa_iii_2021/osf_td2p3/EisenbarthGrahamRigterink-RulesReminders-Replicationdata.zip	6949445483c0f5190575593ccbf4e8ddcbf65d9c87f5cec661ab79855e6e5158	result_artifact_local_candidate	downloaded	zip_member_inventory	filename terms: replication | repli					mirror_sample_and_route_parser_candidate	Codex-local artifact proposal; source_reason=local_mirror_identification_still_needed	2026-05-02
source_artifact_3ce2054410ef2ec3	corpus_db_lead_metaketa_iii_2021	archive_file	local_file	data/raw/replication_projects/lead_harvest/metaketa_iii_2021/osf_259yz/Replication.zip	corpus_db_lead_metaketa_iii_2021	Replication.zip				data/raw/replication_projects/lead_harvest/metaketa_iii_2021/osf_259yz	Replication.zip	zip	application/zip	2275519	data/raw/replication_projects/lead_harvest/metaketa_iii_2021/osf_259yz/Replication.zip	ee5881fbaa4deaa74cb97305d1756df34795276501cd3a29b7c4794cc754f5ce	result_artifact_local_candidate	downloaded	zip_member_inventory	filename terms: replication | repli					mirror_sample_and_route_parser_candidate	Codex-local artifact proposal; source_reason=local_mirror_identification_still_needed	2026-05-02
source_artifact_c4c821576be677e8	corpus_db_lead_metaketa_iii_2021	data_file	local_file	data/raw/replication_projects/lead_harvest/metaketa_iii_2021/osf_wscxp/baseline_forqual.Rdata	corpus_db_lead_metaketa_iii_2021	baseline_forqual.Rdata				data/raw/replication_projects/lead_harvest/metaketa_iii_2021/osf_wscxp	baseline_forqual.Rdata	rdata		104774	data/raw/replication_projects/lead_harvest/metaketa_iii_2021/osf_wscxp/baseline_forqual.Rdata	59b2cebdf161b30c5da7dc7373ea7b74abe4076c203e6f83ebe6c25f58577fcb	result_artifact_local_candidate	downloaded	r_data_parser						mirror_sample_and_route_parser_candidate	Codex-local artifact proposal; source_reason=local_mirror_identification_still_needed	2026-05-02
source_artifact_c4317fe8f0b1754c	corpus_db_lead_metaketa_iii_2021	data_file	local_file	data/raw/replication_projects/lead_harvest/metaketa_iii_2021/osf_wscxp/blocks_forqual.Rdata	corpus_db_lead_metaketa_iii_2021	blocks_forqual.Rdata				data/raw/replication_projects/lead_harvest/metaketa_iii_2021/osf_wscxp	blocks_forqual.Rdata	rdata		840	data/raw/replication_projects/lead_harvest/metaketa_iii_2021/osf_wscxp/blocks_forqual.Rdata	5ba4521b2626b069f8a2427b56db1e26cb0364ca6543b4b674c1684f69210884	result_artifact_local_candidate	downloaded	r_data_parser						mirror_sample_and_route_parser_candidate	Codex-local artifact proposal; source_reason=local_mirror_identification_still_needed	2026-05-02
source_artifact_1eae09b877d704cf	corpus_db_lead_metaketa_iii_2021	data_file	local_file	data/raw/replication_projects/lead_harvest/metaketa_iii_2021/osf_wscxp/community_precip_stats.xlsx	corpus_db_lead_metaketa_iii_2021	community_precip_stats.xlsx				data/raw/replication_projects/lead_harvest/metaketa_iii_2021/osf_wscxp	community_precip_stats.xlsx	xlsx	application/vnd.openxmlformats-officedocument.spreadsheetml.sheet	21903	data/raw/replication_projects/lead_harvest/metaketa_iii_2021/osf_wscxp/community_precip_stats.xlsx	47d2981f96544e1d869721bd6aa57e888ee7955784ba0d52abfb6a83186f3d84	result_artifact_local_candidate	downloaded	xlsx_workbook_parser			filename terms: stat			mirror_sample_and_route_parser_candidate	Codex-local artifact proposal; source_reason=local_mirror_identification_still_needed	2026-05-02
source_artifact_3f8cdc3e7e55bfca	corpus_db_lead_metaketa_iii_2021	archive_file	local_file	data/raw/replication_projects/lead_harvest/metaketa_iii_2021/osf_bmndv/data_code.zip	corpus_db_lead_metaketa_iii_2021	data_code.zip				data/raw/replication_projects/lead_harvest/metaketa_iii_2021/osf_bmndv	data_code.zip	zip	application/zip	893097	data/raw/replication_projects/lead_harvest/metaketa_iii_2021/osf_bmndv/data_code.zip	b9ef3e464e86af561da33e58097dc6ebc64c9d5ad999d7b44749b03cb4b3eda3	result_artifact_local_candidate	downloaded	zip_member_inventory						mirror_sample_and_route_parser_candidate	Codex-local artifact proposal; source_reason=local_mirror_identification_still_needed	2026-05-02
source_artifact_f8a547b77c4f998a	corpus_db_lead_metaketa_iii_2021	code_file	local_file	data/raw/replication_projects/lead_harvest/metaketa_iii_2021/osf_wscxp/elastic-net-regularization-code-brazil-paper.R	corpus_db_lead_metaketa_iii_2021	elastic-net-regularization-code-brazil-paper.R				data/raw/replication_projects/lead_harvest/metaketa_iii_2021/osf_wscxp	elastic-net-regularization-code-brazil-paper.R	r		59749	data/raw/replication_projects/lead_harvest/metaketa_iii_2021/osf_wscxp/elastic-net-regularization-code-brazil-paper.R	f48ad5033199f1b37af043ddc0d1ad82ecafe565775c36e5018ce808fe8dac9e	result_artifact_local_candidate	downloaded	analysis_code_inventory				filename terms: paper		mirror_sample_and_route_parser_candidate	Codex-local artifact proposal; source_reason=local_mirror_identification_still_needed	2026-05-02
source_artifact_5d9335138656df3c	corpus_db_lead_metaketa_iii_2021	data_file	local_file	data/raw/replication_projects/lead_harvest/metaketa_iii_2021/landing_probe.json	corpus_db_lead_metaketa_iii_2021	landing_probe.json				data/raw/replication_projects/lead_harvest/metaketa_iii_2021	landing_probe.json	json	application/json	362	data/raw/replication_projects/lead_harvest/metaketa_iii_2021/landing_probe.json	3e47cf182d4bdcce6324ace7a23a3cb466085e8e7455dcf2b569d34ab49da0bb	result_artifact_local_candidate	downloaded	json_metadata_inventory						mirror_sample_and_route_parser_candidate	Codex-local artifact proposal; source_reason=local_mirror_identification_still_needed	2026-05-02
source_artifact_34d48e32418d3874	corpus_db_lead_metaketa_iii_2021	data_file	local_file	data/derived/replication_pairs/harvest/staged/metaketa_iii_2021__stage.csv	corpus_db_lead_metaketa_iii_2021	metaketa_iii_2021__stage.csv				data/derived/replication_pairs/harvest/staged	metaketa_iii_2021__stage.csv	csv	text/csv	1122	data/derived/replication_pairs/harvest/staged/metaketa_iii_2021__stage.csv	6c0be9895c8758c1f46abc0d2cc5def44d93ddd8473f5faf2590b9cb4e17b92e	result_artifact_local_candidate	downloaded	csv_table_parser						mirror_sample_and_route_parser_candidate	Codex-local artifact proposal; source_reason=local_mirror_identification_still_needed	2026-05-02
source_artifact_2727b233f27f4288	corpus_db_lead_metaketa_iii_2021	article_or_supplement_pdf	local_file	data/raw/replication_projects/lead_harvest/metaketa_iii_2021/osf_01__20170913AC_protocol_monitor_recruitment_20171106.pdf	corpus_db_lead_metaketa_iii_2021	osf_01__20170913AC_protocol_monitor_recruitment_20171106.pdf				data/raw/replication_projects/lead_harvest/metaketa_iii_2021	osf_01__20170913AC_protocol_monitor_recruitment_20171106.pdf	pdf	application/pdf	48307	data/raw/replication_projects/lead_harvest/metaketa_iii_2021/osf_01__20170913AC_protocol_monitor_recruitment_20171106.pdf	c9de6b8ec46577d9d732b3f60d29e194dcc8696a5fe6fe226f29bba902c731ef	result_artifact_local_candidate	downloaded	document_context_or_source_object_review			filename terms: r_			mirror_sample_and_route_parser_candidate	Codex-local artifact proposal; source_reason=local_mirror_identification_still_needed	2026-05-02
source_artifact_db6b3e39b62bc677	corpus_db_lead_metaketa_iii_2021	data_file	local_file	data/raw/replication_projects/lead_harvest/metaketa_iii_2021/osf_01_download.json	corpus_db_lead_metaketa_iii_2021	osf_01_download.json				data/raw/replication_projects/lead_harvest/metaketa_iii_2021	osf_01_download.json	json	application/json	1310	data/raw/replication_projects/lead_harvest/metaketa_iii_2021/osf_01_download.json	c950d0651b21ccc1bae1aaf1d32595202ddfc2ad5920110d3320abab7e133421	result_artifact_local_candidate	downloaded	json_metadata_inventory						mirror_sample_and_route_parser_candidate	Codex-local artifact proposal; source_reason=local_mirror_identification_still_needed	2026-05-02
source_artifact_c1aa34d6c1edf418	corpus_db_lead_metaketa_iii_2021	article_or_supplement_pdf	local_file	data/raw/replication_projects/lead_harvest/metaketa_iii_2021/osf_02__20170913AC_protocol_monitor_training_20171106.pdf	corpus_db_lead_metaketa_iii_2021	osf_02__20170913AC_protocol_monitor_training_20171106.pdf				data/raw/replication_projects/lead_harvest/metaketa_iii_2021	osf_02__20170913AC_protocol_monitor_training_20171106.pdf	pdf	application/pdf	56214	data/raw/replication_projects/lead_harvest/metaketa_iii_2021/osf_02__20170913AC_protocol_monitor_training_20171106.pdf	f60522c659b2fbd314d18bed95d489941c8a82a72a92a18b2b73bdcaeb0cd1a8	result_artifact_local_candidate	downloaded	document_context_or_source_object_review			filename terms: r_			mirror_sample_and_route_parser_candidate	Codex-local artifact proposal; source_reason=local_mirror_identification_still_needed	2026-05-02
source_artifact_1f85e505315b0ebb	corpus_db_lead_metaketa_iii_2021	data_file	local_file	data/raw/replication_projects/lead_harvest/metaketa_iii_2021/osf_02_download.json	corpus_db_lead_metaketa_iii_2021	osf_02_download.json				data/raw/replication_projects/lead_harvest/metaketa_iii_2021	osf_02_download.json	json	application/json	1293	data/raw/replication_projects/lead_harvest/metaketa_iii_2021/osf_02_download.json	9083daa04222c8b2e32c8a92e75b1373638c56de5e80489804ee75545f7cc78a	result_artifact_local_candidate	downloaded	json_metadata_inventory						mirror_sample_and_route_parser_candidate	Codex-local artifact proposal; source_reason=local_mirror_identification_still_needed	2026-05-02
source_artifact_7afc37d3b1eb51aa	corpus_db_lead_metaketa_iii_2021	article_or_supplement_pdf	local_file	data/raw/replication_projects/lead_harvest/metaketa_iii_2021/osf_03__20170913AC_protocol_encouragement_20171106.pdf	corpus_db_lead_metaketa_iii_2021	osf_03__20170913AC_protocol_encouragement_20171106.pdf				data/raw/replication_projects/lead_harvest/metaketa_iii_2021	osf_03__20170913AC_protocol_encouragement_20171106.pdf	pdf	application/pdf	73356	data/raw/replication_projects/lead_harvest/metaketa_iii_2021/osf_03__20170913AC_protocol_encouragement_20171106.pdf	5c5223fcd31a2ada7da34e8190a2cfcc9762dc44939ca7f03d564941463fae2b	result_artifact_local_candidate	downloaded	document_context_or_source_object_review						mirror_sample_and_route_parser_candidate	Codex-local artifact proposal; source_reason=local_mirror_identification_still_needed	2026-05-02
source_artifact_0144a3bb5935799b	corpus_db_lead_metaketa_iii_2021	data_file	local_file	data/raw/replication_projects/lead_harvest/metaketa_iii_2021/osf_03_download.json	corpus_db_lead_metaketa_iii_2021	osf_03_download.json				data/raw/replication_projects/lead_harvest/metaketa_iii_2021	osf_03_download.json	json	application/json	1276	data/raw/replication_projects/lead_harvest/metaketa_iii_2021/osf_03_download.json	0c89a8110ffce6f68f120459a348cefde7a465c503bf723973d408f6a53aed0a	result_artifact_local_candidate	downloaded	json_metadata_inventory						mirror_sample_and_route_parser_candidate	Codex-local artifact proposal; source_reason=local_mirror_identification_still_needed	2026-05-02
source_artifact_437778b5c4c77208	corpus_db_lead_metaketa_iii_2021	article_or_supplement_pdf	local_file	data/raw/replication_projects/lead_harvest/metaketa_iii_2021/osf_04__20170913AC_metaPAP_20171106.pdf	corpus_db_lead_metaketa_iii_2021	osf_04__20170913AC_metaPAP_20171106.pdf				data/raw/replication_projects/lead_harvest/metaketa_iii_2021	osf_04__20170913AC_metaPAP_20171106.pdf	pdf	application/pdf	405064	data/raw/replication_projects/lead_harvest/metaketa_iii_2021/osf_04__20170913AC_metaPAP_20171106.pdf	10cbd7c7d9d267c6ba0f0bf1a9c0db4b84087174827fed1fc4683641ee402b22	result_artifact_local_candidate	downloaded	document_context_or_source_object_review						mirror_sample_and_route_parser_candidate	Codex-local artifact proposal; source_reason=local_mirror_identification_still_needed	2026-05-02
source_artifact_6489a0560c6daf88	corpus_db_lead_metaketa_iii_2021	data_file	local_file	data/raw/replication_projects/lead_harvest/metaketa_iii_2021/osf_04_download.json	corpus_db_lead_metaketa_iii_2021	osf_04_download.json				data/raw/replication_projects/lead_harvest/metaketa_iii_2021	osf_04_download.json	json	application/json	1247	data/raw/replication_projects/lead_harvest/metaketa_iii_2021/osf_04_download.json	050d9cb26f1061c24f6da93f7f77084a0ef7a20d5a942508d11ade1c7cc43420	result_artifact_local_candidate	downloaded	json_metadata_inventory						mirror_sample_and_route_parser_candidate	Codex-local artifact proposal; source_reason=local_mirror_identification_still_needed	2026-05-02
source_artifact_b34127b99433cdef	corpus_db_lead_metaketa_iii_2021	article_or_supplement_pdf	local_file	data/raw/replication_projects/lead_harvest/metaketa_iii_2021/osf_05__20170913AC_metaPAP_update_20190531.pdf	corpus_db_lead_metaketa_iii_2021	osf_05__20170913AC_metaPAP_update_20190531.pdf				data/raw/replication_projects/lead_harvest/metaketa_iii_2021	osf_05__20170913AC_metaPAP_update_20190531.pdf	pdf	application/pdf	409398	data/raw/replication_projects/lead_harvest/metaketa_iii_2021/osf_05__20170913AC_metaPAP_update_20190531.pdf	50c37019abe5309362a15d2eed7cfe0dbbb600ab289f8981650e36df2c1fad46	result_artifact_local_candidate	downloaded	document_context_or_source_object_review						mirror_sample_and_route_parser_candidate	Codex-local artifact proposal; source_reason=local_mirror_identification_still_needed	2026-05-02
source_artifact_ec4b080a7eee29f5	corpus_db_lead_metaketa_iii_2021	data_file	local_file	data/raw/replication_projects/lead_harvest/metaketa_iii_2021/osf_05_download.json	corpus_db_lead_metaketa_iii_2021	osf_05_download.json				data/raw/replication_projects/lead_harvest/metaketa_iii_2021	osf_05_download.json	json	application/json	1248	data/raw/replication_projects/lead_harvest/metaketa_iii_2021/osf_05_download.json	5827f6c493515e916db957b06f30ff67b7f5181708705f19bbfe4636a8c1c29a	result_artifact_local_candidate	downloaded	json_metadata_inventory						mirror_sample_and_route_parser_candidate	Codex-local artifact proposal; source_reason=local_mirror_identification_still_needed	2026-05-02
source_artifact_28c3016c37c598be	corpus_db_lead_metaketa_iii_2021	data_file	local_file	data/raw/replication_projects/lead_harvest/metaketa_iii_2021/osf_file_list.csv	corpus_db_lead_metaketa_iii_2021	osf_file_list.csv				data/raw/replication_projects/lead_harvest/metaketa_iii_2021	osf_file_list.csv	csv	text/csv	1608	data/raw/replication_projects/lead_harvest/metaketa_iii_2021/osf_file_list.csv	aca381dc6b91c7433ff0d0e1a3f9bd7e866e16204aba2ba49591690edbe8f575	result_artifact_local_candidate	downloaded	csv_table_parser						mirror_sample_and_route_parser_candidate	Codex-local artifact proposal; source_reason=local_mirror_identification_still_needed	2026-05-02
source_artifact_e5827505cdf92e47	corpus_db_lead_metaketa_iii_2021	data_file	local_file	data/raw/replication_projects/lead_harvest/metaketa_iii_2021/osf_manifest.json	corpus_db_lead_metaketa_iii_2021	osf_manifest.json				data/raw/replication_projects/lead_harvest/metaketa_iii_2021	osf_manifest.json	json	application/json	2779	data/raw/replication_projects/lead_harvest/metaketa_iii_2021/osf_manifest.json	8000509e884dfe856a1fd7ef17b1d6743776a58b16842d80c805a40a379d1efc	result_artifact_local_candidate	downloaded	json_metadata_inventory						mirror_sample_and_route_parser_candidate	Codex-local artifact proposal; source_reason=local_mirror_identification_still_needed	2026-05-02
source_artifact_5d99830808421a3b	corpus_db_lead_metaketa_iii_2021	data_file	local_file	data/raw/replication_projects/lead_harvest/metaketa_iii_2021/osf_wscxp/sisar_forqual.Rdata	corpus_db_lead_metaketa_iii_2021	sisar_forqual.Rdata				data/raw/replication_projects/lead_harvest/metaketa_iii_2021/osf_wscxp	sisar_forqual.Rdata	rdata		629	data/raw/replication_projects/lead_harvest/metaketa_iii_2021/osf_wscxp/sisar_forqual.Rdata	33e70e566983c3b9cc7a3eb0ab05c5e20191e0347298d6e9415c1fcc0fc5542e	result_artifact_local_candidate	downloaded	r_data_parser			filename terms: r_			mirror_sample_and_route_parser_candidate	Codex-local artifact proposal; source_reason=local_mirror_identification_still_needed	2026-05-02
source_artifact_4a2c3e4891eaa66b	corpus_db_lead_metaketa_iii_2021	data_file	local_file	data/raw/replication_projects/lead_harvest/metaketa_iii_2021/osf_wscxp/trainersurvey_forqual.Rdata	corpus_db_lead_metaketa_iii_2021	trainersurvey_forqual.Rdata				data/raw/replication_projects/lead_harvest/metaketa_iii_2021/osf_wscxp	trainersurvey_forqual.Rdata	rdata		1886	data/raw/replication_projects/lead_harvest/metaketa_iii_2021/osf_wscxp/trainersurvey_forqual.Rdata	1684fa369d155ae83c306edc206ee47fb9f7cd9a7e8b09c5dabb0c01e1991967	result_artifact_local_candidate	downloaded	r_data_parser						mirror_sample_and_route_parser_candidate	Codex-local artifact proposal; source_reason=local_mirror_identification_still_needed	2026-05-02
source_artifact_b7649dbb17668a1a	corpus_db_lead_metaketa_iii_2021	data_file	local_file	data/raw/replication_projects/lead_harvest/metaketa_iii_2021/osf_wscxp/wells_forqual.Rdata	corpus_db_lead_metaketa_iii_2021	wells_forqual.Rdata				data/raw/replication_projects/lead_harvest/metaketa_iii_2021/osf_wscxp	wells_forqual.Rdata	rdata		687	data/raw/replication_projects/lead_harvest/metaketa_iii_2021/osf_wscxp/wells_forqual.Rdata	a7c99ebb318a240e9d8db7b18d032d910fcf4d5c3c24d29d9d8b38c9a457bf40	result_artifact_local_candidate	downloaded	r_data_parser						mirror_sample_and_route_parser_candidate	Codex-local artifact proposal; source_reason=local_mirror_identification_still_needed	2026-05-02
source_artifact_994480f98f79dad8	corpus_db_lead_metaketa_iii_2021	data_file	local_file	data/raw/replication_projects/lead_harvest/metaketa_iii_2021/osf_wscxp/workshopstatus_forqual_rev.Rdata	corpus_db_lead_metaketa_iii_2021	workshopstatus_forqual_rev.Rdata				data/raw/replication_projects/lead_harvest/metaketa_iii_2021/osf_wscxp	workshopstatus_forqual_rev.Rdata	rdata		718	data/raw/replication_projects/lead_harvest/metaketa_iii_2021/osf_wscxp/workshopstatus_forqual_rev.Rdata	c32b8ac7079ceb20a2962cdb7836ac3b58742882103bc09a37d7d6d4e907838e	result_artifact_local_candidate	downloaded	r_data_parser			filename terms: stat			mirror_sample_and_route_parser_candidate	Codex-local artifact proposal; source_reason=local_mirror_identification_still_needed	2026-05-02
source_artifact_d175f11f727b5fbf	corpus_db_lead_metaketa_iv_2021	code_file	local_file	data/raw/replication_projects/lead_harvest/metaketa_iv_2021/osf_xqd3v_outputs/code/meta-analysis/1-prep-estimates.R	corpus_db_lead_metaketa_iv_2021	1-prep-estimates.R				data/raw/replication_projects/lead_harvest/metaketa_iv_2021/osf_xqd3v_outputs/code/meta-analysis	1-prep-estimates.R	r		2586	data/raw/replication_projects/lead_harvest/metaketa_iv_2021/osf_xqd3v_outputs/code/meta-analysis/1-prep-estimates.R	706f2f5cf6a688ca5ce8f8ee789c42672b9c0c30d2b6ea3c1e318dc21cd9b6a1	result_artifact_local_candidate	downloaded	analysis_code_inventory			filename terms: estimate			mirror_sample_and_route_parser_candidate	Codex-local artifact proposal; source_reason=local_mirror_identification_still_needed	2026-05-02
source_artifact_2a5da1721f962ac5	corpus_db_lead_metaketa_iv_2021	code_file	local_file	data/raw/replication_projects/lead_harvest/metaketa_iv_2021/osf_xqd3v_outputs/code/meta-analysis/2-meta-analysis.R	corpus_db_lead_metaketa_iv_2021	2-meta-analysis.R				data/raw/replication_projects/lead_harvest/metaketa_iv_2021/osf_xqd3v_outputs/code/meta-analysis	2-meta-analysis.R	r		7653	data/raw/replication_projects/lead_harvest/metaketa_iv_2021/osf_xqd3v_outputs/code/meta-analysis/2-meta-analysis.R	40411b49129a48d47852323a88ef17c2f0f945bd53756a01a898c536447a64df	result_artifact_local_candidate	downloaded	analysis_code_inventory						mirror_sample_and_route_parser_candidate	Codex-local artifact proposal; source_reason=local_mirror_identification_still_needed	2026-05-02
source_artifact_42e8fb6ae92400ed	corpus_db_lead_metaketa_iv_2021	data_file	local_file	data/raw/replication_projects/lead_harvest/metaketa_iv_2021/osf_xqd3v_selected/PK_MK4_citizenssurvey_appended_index.dta	corpus_db_lead_metaketa_iv_2021	PK_MK4_citizenssurvey_appended_index.dta				data/raw/replication_projects/lead_harvest/metaketa_iv_2021/osf_xqd3v_selected	PK_MK4_citizenssurvey_appended_index.dta	dta		51168782	data/raw/replication_projects/lead_harvest/metaketa_iv_2021/osf_xqd3v_selected/PK_MK4_citizenssurvey_appended_index.dta	645a5cb0439df62ccd62a3734cdd2d00f134aedc4f4f3ce7dd12fb2d5b20098e	result_artifact_local_candidate	downloaded	statistical_package_parser			filename terms: d_			mirror_sample_and_route_parser_candidate	Codex-local artifact proposal; source_reason=local_mirror_identification_still_needed	2026-05-02
source_artifact_187f2eefe4026d6f	corpus_db_lead_metaketa_iv_2021	data_file	local_file	data/raw/replication_projects/lead_harvest/metaketa_iv_2021/osf_xqd3v_selected/PK_MK4_citizenssurvey_final.dta	corpus_db_lead_metaketa_iv_2021	PK_MK4_citizenssurvey_final.dta				data/raw/replication_projects/lead_harvest/metaketa_iv_2021/osf_xqd3v_selected	PK_MK4_citizenssurvey_final.dta	dta		31066915	data/raw/replication_projects/lead_harvest/metaketa_iv_2021/osf_xqd3v_selected/PK_MK4_citizenssurvey_final.dta	942e7ca7633d29e3a6622f8a0934606b7dd4672e093caa035ae061a1757884f6	result_artifact_local_candidate	downloaded	statistical_package_parser						mirror_sample_and_route_parser_candidate	Codex-local artifact proposal; source_reason=local_mirror_identification_still_needed	2026-05-02
source_artifact_0faf0214d7f83d9d	corpus_db_lead_metaketa_iv_2021	code_file	local_file	data/raw/replication_projects/lead_harvest/metaketa_iv_2021/osf_xqd3v_outputs/article/code/SM-tables.R	corpus_db_lead_metaketa_iv_2021	SM-tables.R				data/raw/replication_projects/lead_harvest/metaketa_iv_2021/osf_xqd3v_outputs/article/code	SM-tables.R	r		31453	data/raw/replication_projects/lead_harvest/metaketa_iv_2021/osf_xqd3v_outputs/article/code/SM-tables.R	ac11326b08c44a790a2ae415e9fc9e4f850055604947f3cb9a352398ffff2314	result_artifact_local_candidate	downloaded	analysis_code_inventory						mirror_sample_and_route_parser_candidate	Codex-local artifact proposal; source_reason=local_mirror_identification_still_needed	2026-05-02
source_artifact_bbd7b91909e1fee6	corpus_db_lead_metaketa_iv_2021	data_file	local_file	data/raw/replication_projects/lead_harvest/metaketa_iv_2021/osf_xqd3v_selected/final_withcrimetype.csv	corpus_db_lead_metaketa_iv_2021	final_withcrimetype.csv				data/raw/replication_projects/lead_harvest/metaketa_iv_2021/osf_xqd3v_selected	final_withcrimetype.csv	csv	text/csv	7212084	data/raw/replication_projects/lead_harvest/metaketa_iv_2021/osf_xqd3v_selected/final_withcrimetype.csv	bb4244a20558f56b15061015eb73eea1158d8cc28dab5013ef7d0ab680cffa1d	result_artifact_local_candidate	downloaded	csv_table_parser						mirror_sample_and_route_parser_candidate	Codex-local artifact proposal; source_reason=local_mirror_identification_still_needed	2026-05-02
source_artifact_24b111f3f54e9be1	corpus_db_lead_metaketa_iv_2021	data_file	local_file	data/raw/replication_projects/lead_harvest/metaketa_iv_2021/osf_xqd3v_selected/final_withoutcrimetype.csv	corpus_db_lead_metaketa_iv_2021	final_withoutcrimetype.csv				data/raw/replication_projects/lead_harvest/metaketa_iv_2021/osf_xqd3v_selected	final_withoutcrimetype.csv	csv	text/csv	4956441	data/raw/replication_projects/lead_harvest/metaketa_iv_2021/osf_xqd3v_selected/final_withoutcrimetype.csv	25f11d3bf72928949fab1d61df01a4fab2ba7d8c7bcf5073acec320ab433e369	result_artifact_local_candidate	downloaded	csv_table_parser						mirror_sample_and_route_parser_candidate	Codex-local artifact proposal; source_reason=local_mirror_identification_still_needed	2026-05-02
source_artifact_ec7a551716765574	corpus_db_lead_metaketa_iv_2021	data_file	local_file	data/raw/replication_projects/lead_harvest/metaketa_iv_2021/landing_probe.json	corpus_db_lead_metaketa_iv_2021	landing_probe.json				data/raw/replication_projects/lead_harvest/metaketa_iv_2021	landing_probe.json	json	application/json	361	data/raw/replication_projects/lead_harvest/metaketa_iv_2021/landing_probe.json	81b64422c87fe780e50bbaa6a522b2066c6c50d0087a7365cd48756eb71590c6	result_artifact_local_candidate	downloaded	json_metadata_inventory						mirror_sample_and_route_parser_candidate	Codex-local artifact proposal; source_reason=local_mirror_identification_still_needed	2026-05-02
source_artifact_55f954691c3132ba	corpus_db_lead_metaketa_iv_2021	data_file	local_file	data/raw/replication_projects/lead_harvest/metaketa_iv_2021/osf_xqd3v_outputs/data/out/meta-estimates-all-components.RDS	corpus_db_lead_metaketa_iv_2021	meta-estimates-all-components.RDS				data/raw/replication_projects/lead_harvest/metaketa_iv_2021/osf_xqd3v_outputs/data/out	meta-estimates-all-components.RDS	rds		21107	data/raw/replication_projects/lead_harvest/metaketa_iv_2021/osf_xqd3v_outputs/data/out/meta-estimates-all-components.RDS	316663f0d0bef092b1fa862af01e8c54f0346454238a0536c18c676117679d5d	result_artifact_local_candidate	downloaded	r_data_parser			filename terms: estimate			mirror_sample_and_route_parser_candidate	Codex-local artifact proposal; source_reason=local_mirror_identification_still_needed	2026-05-02
source_artifact_ef99ec2483110b00	corpus_db_lead_metaketa_iv_2021	data_file	local_file	data/raw/replication_projects/lead_harvest/metaketa_iv_2021/osf_xqd3v_outputs/data/out/meta-estimates-main-hypotheses-original.RDS	corpus_db_lead_metaketa_iv_2021	meta-estimates-main-hypotheses-original.RDS				data/raw/replication_projects/lead_harvest/metaketa_iv_2021/osf_xqd3v_outputs/data/out	meta-estimates-main-hypotheses-original.RDS	rds		2798	data/raw/replication_projects/lead_harvest/metaketa_iv_2021/osf_xqd3v_outputs/data/out/meta-estimates-main-hypotheses-original.RDS	5da0f041437459fb3d8de580b685c131060824a8ba26c255f73694ae8ce41369	result_artifact_local_candidate	downloaded	r_data_parser	filename terms: original		filename terms: estimate			mirror_sample_and_route_parser_candidate	Codex-local artifact proposal; source_reason=local_mirror_identification_still_needed	2026-05-02
source_artifact_13eaa1db1ee39154	corpus_db_lead_metaketa_iv_2021	data_file	local_file	data/raw/replication_projects/lead_harvest/metaketa_iv_2021/osf_xqd3v_outputs/data/out/meta-estimates-main-hypotheses.RDS	corpus_db_lead_metaketa_iv_2021	meta-estimates-main-hypotheses.RDS				data/raw/replication_projects/lead_harvest/metaketa_iv_2021/osf_xqd3v_outputs/data/out	meta-estimates-main-hypotheses.RDS	rds		2798	data/raw/replication_projects/lead_harvest/metaketa_iv_2021/osf_xqd3v_outputs/data/out/meta-estimates-main-hypotheses.RDS	a31f56e59c140f1a969512d54769715dc9b228c6e9758a03106b0ef1d9b1773b	result_artifact_local_candidate	downloaded	r_data_parser			filename terms: estimate			mirror_sample_and_route_parser_candidate	Codex-local artifact proposal; source_reason=local_mirror_identification_still_needed	2026-05-02
source_artifact_929d669ebb6131b9	corpus_db_lead_metaketa_iv_2021	data_file	local_file	data/derived/replication_pairs/harvest/staged/metaketa_iv_2021__stage.csv	corpus_db_lead_metaketa_iv_2021	metaketa_iv_2021__stage.csv				data/derived/replication_pairs/harvest/staged	metaketa_iv_2021__stage.csv	csv	text/csv	839	data/derived/replication_pairs/harvest/staged/metaketa_iv_2021__stage.csv	7fcee8ad06513f1a7f3f12fe9edcfbbdffb0f63946620cc5c451ac6df8150b77	result_artifact_local_candidate	downloaded	csv_table_parser						mirror_sample_and_route_parser_candidate	Codex-local artifact proposal; source_reason=local_mirror_identification_still_needed	2026-05-02
source_artifact_df5867da9f5e4d7a	corpus_db_lead_metaketa_iv_2021	data_file	local_file	data/raw/replication_projects/lead_harvest/metaketa_iv_2021/osf_xqd3v_outputs/data/out/study-estimates-all-components.RDS	corpus_db_lead_metaketa_iv_2021	study-estimates-all-components.RDS				data/raw/replication_projects/lead_harvest/metaketa_iv_2021/osf_xqd3v_outputs/data/out	study-estimates-all-components.RDS	rds		178412	data/raw/replication_projects/lead_harvest/metaketa_iv_2021/osf_xqd3v_outputs/data/out/study-estimates-all-components.RDS	e98548f244b7373b988c4af32c043fc603087567f583008e43799f4527367695	result_artifact_local_candidate	downloaded	r_data_parser	filename terms: study		filename terms: estimate			mirror_sample_and_route_parser_candidate	Codex-local artifact proposal; source_reason=local_mirror_identification_still_needed	2026-05-02
source_artifact_e38264afb04ec352	corpus_db_lead_metaketa_iv_2021	data_file	local_file	data/raw/replication_projects/lead_harvest/metaketa_iv_2021/osf_xqd3v_outputs/data/out/study-estimates-combined.RDS	corpus_db_lead_metaketa_iv_2021	study-estimates-combined.RDS				data/raw/replication_projects/lead_harvest/metaketa_iv_2021/osf_xqd3v_outputs/data/out	study-estimates-combined.RDS	rds		147486	data/raw/replication_projects/lead_harvest/metaketa_iv_2021/osf_xqd3v_outputs/data/out/study-estimates-combined.RDS	d15ead8a781e2aef7ca67596a4ecdfe62f99904f44efb343e34c467299090c3c	result_artifact_local_candidate	downloaded	r_data_parser	filename terms: study		filename terms: estimate			mirror_sample_and_route_parser_candidate	Codex-local artifact proposal; source_reason=local_mirror_identification_still_needed	2026-05-02
source_artifact_f9cc5d7bf662db62	corpus_db_lead_metaketa_iv_2021	data_file	local_file	data/raw/replication_projects/lead_harvest/metaketa_iv_2021/osf_xqd3v_outputs/data/out/study-estimates-main-hypotheses-original.RDS	corpus_db_lead_metaketa_iv_2021	study-estimates-main-hypotheses-original.RDS				data/raw/replication_projects/lead_harvest/metaketa_iv_2021/osf_xqd3v_outputs/data/out	study-estimates-main-hypotheses-original.RDS	rds		19777	data/raw/replication_projects/lead_harvest/metaketa_iv_2021/osf_xqd3v_outputs/data/out/study-estimates-main-hypotheses-original.RDS	652f68835af6a1e66a6f53f973aacfe7853bb0def1ac8be9f00805680b6df360	result_artifact_local_candidate	downloaded	r_data_parser	filename terms: original | study		filename terms: estimate			mirror_sample_and_route_parser_candidate	Codex-local artifact proposal; source_reason=local_mirror_identification_still_needed	2026-05-02
source_artifact_beba6adb5fda96bf	corpus_db_lead_metaketa_iv_2021	data_file	local_file	data/raw/replication_projects/lead_harvest/metaketa_iv_2021/osf_xqd3v_outputs/data/out/study-estimates-main-hypotheses.RDS	corpus_db_lead_metaketa_iv_2021	study-estimates-main-hypotheses.RDS				data/raw/replication_projects/lead_harvest/metaketa_iv_2021/osf_xqd3v_outputs/data/out	study-estimates-main-hypotheses.RDS	rds		20490	data/raw/replication_projects/lead_harvest/metaketa_iv_2021/osf_xqd3v_outputs/data/out/study-estimates-main-hypotheses.RDS	6fd1f96a0df508f49fe059b824eca3cda38823099b37b1575fba4a843ecdf9cd	result_artifact_local_candidate	downloaded	r_data_parser	filename terms: study		filename terms: estimate			mirror_sample_and_route_parser_candidate	Codex-local artifact proposal; source_reason=local_mirror_identification_still_needed	2026-05-02
source_artifact_8225847369908fee	corpus_db_lead_mullinix_2015	archive_file	local_file	data/raw/replication_projects/lead_harvest/mullinix_2015/dataverse_dvn_mujhgr/dataverse_files.zip	corpus_db_lead_mullinix_2015	dataverse_files.zip				data/raw/replication_projects/lead_harvest/mullinix_2015/dataverse_dvn_mujhgr	dataverse_files.zip	zip	application/zip	13693262	data/raw/replication_projects/lead_harvest/mullinix_2015/dataverse_dvn_mujhgr/dataverse_files.zip	45efe72b26f1df74cea117007bfe1e6275ab01dffec8869b03059410662ee60a	result_artifact_local_candidate	downloaded	zip_member_inventory						mirror_sample_and_route_parser_candidate	Codex-local artifact proposal; source_reason=local_mirror_identification_still_needed	2026-05-02
source_artifact_52ce000f5a89d200	corpus_db_lead_mullinix_2015	data_file	local_file	data/raw/replication_projects/lead_harvest/mullinix_2015/landing_probe.json	corpus_db_lead_mullinix_2015	landing_probe.json				data/raw/replication_projects/lead_harvest/mullinix_2015	landing_probe.json	json	application/json	269	data/raw/replication_projects/lead_harvest/mullinix_2015/landing_probe.json	07d3fcdfd11df5db158a684f40f417575d594266343e13f1dcc2971c71391c9f	result_artifact_local_candidate	downloaded	json_metadata_inventory						mirror_sample_and_route_parser_candidate	Codex-local artifact proposal; source_reason=local_mirror_identification_still_needed	2026-05-02
source_artifact_5d82ac6540dbf13a	corpus_db_lead_mullinix_2015	data_file	local_file	data/derived/replication_pairs/harvest/staged/mullinix_2015__stage.csv	corpus_db_lead_mullinix_2015	mullinix_2015__stage.csv				data/derived/replication_pairs/harvest/staged	mullinix_2015__stage.csv	csv	text/csv	887	data/derived/replication_pairs/harvest/staged/mullinix_2015__stage.csv	58cd18c9c1a073b19332287848c98f04135da3649f5ff41a47ccd709436fc0f2	result_artifact_local_candidate	downloaded	csv_table_parser						mirror_sample_and_route_parser_candidate	Codex-local artifact proposal; source_reason=local_mirror_identification_still_needed	2026-05-02
source_artifact_9aece390d9235a2d	corpus_db_lead_musicianship_eeg_2025	data_file	local_file	data/raw/replication_projects/lead_harvest/musicianship_eeg_2025/landing_probe.json	corpus_db_lead_musicianship_eeg_2025	landing_probe.json				data/raw/replication_projects/lead_harvest/musicianship_eeg_2025	landing_probe.json	json	application/json	339	data/raw/replication_projects/lead_harvest/musicianship_eeg_2025/landing_probe.json	28a70eb32223f9afbf7aaa57e60da9a797d6f5a4906bea9739ecd0287e786068	result_artifact_local_candidate	downloaded	json_metadata_inventory						mirror_sample_and_route_parser_candidate	Codex-local artifact proposal; source_reason=local_mirror_identification_still_needed	2026-05-02
source_artifact_db6b2ceb616964c0	corpus_db_lead_musicianship_eeg_2025	data_file	local_file	data/derived/replication_pairs/harvest/staged/musicianship_eeg_2025__stage.csv	corpus_db_lead_musicianship_eeg_2025	musicianship_eeg_2025__stage.csv				data/derived/replication_pairs/harvest/staged	musicianship_eeg_2025__stage.csv	csv	text/csv	822	data/derived/replication_pairs/harvest/staged/musicianship_eeg_2025__stage.csv	cfce5d605c4f80616d605c8a1a87e4d93fa39fb98ff344050d13608f55e18312	result_artifact_local_candidate	downloaded	csv_table_parser						mirror_sample_and_route_parser_candidate	Codex-local artifact proposal; source_reason=local_mirror_identification_still_needed	2026-05-02
source_artifact_718a02843e06661b	corpus_db_lead_musicianship_eeg_2025	archive_file	local_file	data/raw/replication_projects/lead_harvest/musicianship_eeg_2025/raw__MusicianshipEEG-main.zip	corpus_db_lead_musicianship_eeg_2025	raw__MusicianshipEEG-main.zip				data/raw/replication_projects/lead_harvest/musicianship_eeg_2025	raw__MusicianshipEEG-main.zip	zip	application/zip	943293	data/raw/replication_projects/lead_harvest/musicianship_eeg_2025/raw__MusicianshipEEG-main.zip	bad85dc8f2c525dfea0b78f11877c9d6745ce7400f67768e3e3bb2d5f11647aa	result_artifact_local_candidate	downloaded	zip_member_inventory						mirror_sample_and_route_parser_candidate	Codex-local artifact proposal; source_reason=local_mirror_identification_still_needed	2026-05-02
source_artifact_b1b0a42d756a9ee9	corpus_db_lead_musicianship_eeg_2025	data_file	local_file	data/raw/replication_projects/lead_harvest/musicianship_eeg_2025/raw_download.json	corpus_db_lead_musicianship_eeg_2025	raw_download.json				data/raw/replication_projects/lead_harvest/musicianship_eeg_2025	raw_download.json	json	application/json	599	data/raw/replication_projects/lead_harvest/musicianship_eeg_2025/raw_download.json	8fadb28014552cc9a7042199da3e195e2eb8ae221b1da344430bdc002e9479eb	result_artifact_local_candidate	downloaded	json_metadata_inventory						mirror_sample_and_route_parser_candidate	Codex-local artifact proposal; source_reason=local_mirror_identification_still_needed	2026-05-02
source_artifact_7abea81a5262f173	corpus_db_lead_musicianship_eeg_2025	data_file	local_file	data/raw/replication_projects/lead_harvest/musicianship_eeg_2025/raw_probe.json	corpus_db_lead_musicianship_eeg_2025	raw_probe.json				data/raw/replication_projects/lead_harvest/musicianship_eeg_2025	raw_probe.json	json	application/json	481	data/raw/replication_projects/lead_harvest/musicianship_eeg_2025/raw_probe.json	006210bd64f2df7237a5ad30141288d1adb49a94115ded3ebd704b501e14e6c9	result_artifact_local_candidate	downloaded	json_metadata_inventory						mirror_sample_and_route_parser_candidate	Codex-local artifact proposal; source_reason=local_mirror_identification_still_needed	2026-05-02
source_artifact_8111f96160c3e1d4	corpus_db_lead_nieuwland_2018_delong	data_file	local_file	data/raw/replication_projects/lead_harvest/nieuwland_2018_delong/landing_probe.json	corpus_db_lead_nieuwland_2018_delong	landing_probe.json				data/raw/replication_projects/lead_harvest/nieuwland_2018_delong	landing_probe.json	json	application/json	424	data/raw/replication_projects/lead_harvest/nieuwland_2018_delong/landing_probe.json	43bc1964346086fd761abd134632a7b015b9ba0725d415639705ff1deb3a7934	result_artifact_local_candidate	downloaded	json_metadata_inventory						mirror_sample_and_route_parser_candidate	Codex-local artifact proposal; source_reason=local_mirror_identification_still_needed	2026-05-02
source_artifact_cdd8886762362434	corpus_db_lead_nieuwland_2018_delong	data_file	local_file	data/derived/replication_pairs/harvest/staged/nieuwland_2018_delong__stage.csv	corpus_db_lead_nieuwland_2018_delong	nieuwland_2018_delong__stage.csv				data/derived/replication_pairs/harvest/staged	nieuwland_2018_delong__stage.csv	csv	text/csv	389	data/derived/replication_pairs/harvest/staged/nieuwland_2018_delong__stage.csv	cb82ae0e8ec5eea38a82144a51e3129ddafb564b02da5614f7856a176603e7a9	result_artifact_local_candidate	downloaded	csv_table_parser			filename terms: d_			mirror_sample_and_route_parser_candidate	Codex-local artifact proposal; source_reason=local_mirror_identification_still_needed	2026-05-02
source_artifact_440e9b8b3f588687	corpus_db_lead_self_control_fmri_2022	article_or_supplement_pdf	local_file	data/raw/replication_projects/lead_harvest/self_control_fmri_2022/HBM-43-4995.pdf	corpus_db_lead_self_control_fmri_2022	HBM-43-4995.pdf				data/raw/replication_projects/lead_harvest/self_control_fmri_2022	HBM-43-4995.pdf	pdf	application/pdf	1817	data/raw/replication_projects/lead_harvest/self_control_fmri_2022/HBM-43-4995.pdf	c0348b37b9e27a55e70f3c1f9eb14262383f037bdc96058790dcceacc1e918a2	result_artifact_local_candidate	downloaded	document_context_or_source_object_review						mirror_sample_and_route_parser_candidate	Codex-local artifact proposal; source_reason=local_mirror_identification_still_needed	2026-05-02
source_artifact_a998d425c00820b0	corpus_db_lead_self_control_fmri_2022	data_file	local_file	data/raw/replication_projects/lead_harvest/self_control_fmri_2022/landing_probe.json	corpus_db_lead_self_control_fmri_2022	landing_probe.json				data/raw/replication_projects/lead_harvest/self_control_fmri_2022	landing_probe.json	json	application/json	367	data/raw/replication_projects/lead_harvest/self_control_fmri_2022/landing_probe.json	0202a649745bb3e85217476d16935f238214dad613d4199c95bbdf6e7f7accf3	result_artifact_local_candidate	downloaded	json_metadata_inventory						mirror_sample_and_route_parser_candidate	Codex-local artifact proposal; source_reason=local_mirror_identification_still_needed	2026-05-02
source_artifact_673807677247f22a	corpus_db_lead_self_control_fmri_2022	code_file	local_file	data/raw/replication_projects/lead_harvest/self_control_fmri_2022/osf_01__Analysis_labpilotHare.R	corpus_db_lead_self_control_fmri_2022	osf_01__Analysis_labpilotHare.R				data/raw/replication_projects/lead_harvest/self_control_fmri_2022	osf_01__Analysis_labpilotHare.R	r		20131	data/raw/replication_projects/lead_harvest/self_control_fmri_2022/osf_01__Analysis_labpilotHare.R	90a92c5026be0444dd50202095bf0ee7459e27161f876ccdfb40fcbe21b888a0	result_artifact_local_candidate	downloaded	analysis_code_inventory						mirror_sample_and_route_parser_candidate	Codex-local artifact proposal; source_reason=local_mirror_identification_still_needed	2026-05-02
source_artifact_ce3d2bea8f32fc0e	corpus_db_lead_self_control_fmri_2022	data_file	local_file	data/raw/replication_projects/lead_harvest/self_control_fmri_2022/osf_01_download.json	corpus_db_lead_self_control_fmri_2022	osf_01_download.json				data/raw/replication_projects/lead_harvest/self_control_fmri_2022	osf_01_download.json	json	application/json	1226	data/raw/replication_projects/lead_harvest/self_control_fmri_2022/osf_01_download.json	0de4843e6fd7494d19c770eea6f9ed6850b982365d21277ee6da5845e41a1d63	result_artifact_local_candidate	downloaded	json_metadata_inventory						mirror_sample_and_route_parser_candidate	Codex-local artifact proposal; source_reason=local_mirror_identification_still_needed	2026-05-02
source_artifact_cd97d34f926278d3	corpus_db_lead_self_control_fmri_2022	code_file	local_file	data/raw/replication_projects/lead_harvest/self_control_fmri_2022/osf_02__Analysis_onlinepilot_taskdataoriginalstudy.R	corpus_db_lead_self_control_fmri_2022	osf_02__Analysis_onlinepilot_taskdataoriginalstudy.R				data/raw/replication_projects/lead_harvest/self_control_fmri_2022	osf_02__Analysis_onlinepilot_taskdataoriginalstudy.R	r		29815	data/raw/replication_projects/lead_harvest/self_control_fmri_2022/osf_02__Analysis_onlinepilot_taskdataoriginalstudy.R	803d59ff8329f3dc9c2dbcf9ecde32629e1bff30fda98b03e37b282b8e7987ed	result_artifact_local_candidate	downloaded	analysis_code_inventory	filename terms: original | study					mirror_sample_and_route_parser_candidate	Codex-local artifact proposal; source_reason=local_mirror_identification_still_needed	2026-05-02
source_artifact_75ce9fca5d2384eb	corpus_db_lead_self_control_fmri_2022	data_file	local_file	data/raw/replication_projects/lead_harvest/self_control_fmri_2022/osf_02_download.json	corpus_db_lead_self_control_fmri_2022	osf_02_download.json				data/raw/replication_projects/lead_harvest/self_control_fmri_2022	osf_02_download.json	json	application/json	1277	data/raw/replication_projects/lead_harvest/self_control_fmri_2022/osf_02_download.json	dd3ec797eb075a302f0a60aa02e10194f0a02707df66eb3f6969e99cb342840a	result_artifact_local_candidate	downloaded	json_metadata_inventory						mirror_sample_and_route_parser_candidate	Codex-local artifact proposal; source_reason=local_mirror_identification_still_needed	2026-05-02
source_artifact_489a75ee413f4576	corpus_db_lead_self_control_fmri_2022	data_file	local_file	data/raw/replication_projects/lead_harvest/self_control_fmri_2022/osf_03_download.json	corpus_db_lead_self_control_fmri_2022	osf_03_download.json				data/raw/replication_projects/lead_harvest/self_control_fmri_2022	osf_03_download.json	json	application/json	1287	data/raw/replication_projects/lead_harvest/self_control_fmri_2022/osf_03_download.json	272e8a616a92bd55223b500065cd18d1275bf691384b3cce753f4ff770d0efea	result_artifact_local_candidate	downloaded	json_metadata_inventory						mirror_sample_and_route_parser_candidate	Codex-local artifact proposal; source_reason=local_mirror_identification_still_needed	2026-05-02
source_artifact_011d568428066e9b	corpus_db_lead_self_control_fmri_2022	data_file	local_file	data/raw/replication_projects/lead_harvest/self_control_fmri_2022/osf_04_download.json	corpus_db_lead_self_control_fmri_2022	osf_04_download.json				data/raw/replication_projects/lead_harvest/self_control_fmri_2022	osf_04_download.json	json	application/json	1262	data/raw/replication_projects/lead_harvest/self_control_fmri_2022/osf_04_download.json	e2fb55920ef0a9ba6e66f71980b3b97bfeaac1e9901a4666cd8f9017ed27a1b8	result_artifact_local_candidate	downloaded	json_metadata_inventory						mirror_sample_and_route_parser_candidate	Codex-local artifact proposal; source_reason=local_mirror_identification_still_needed	2026-05-02
source_artifact_3e82e29097cf6b2e	corpus_db_lead_self_control_fmri_2022	data_file	local_file	data/raw/replication_projects/lead_harvest/self_control_fmri_2022/osf_file_list.csv	corpus_db_lead_self_control_fmri_2022	osf_file_list.csv				data/raw/replication_projects/lead_harvest/self_control_fmri_2022	osf_file_list.csv	csv	text/csv	4791	data/raw/replication_projects/lead_harvest/self_control_fmri_2022/osf_file_list.csv	c070e5e0ac2dad365de84b2b7cb6ca2e7923cb73b6e0745fb3568e84bfa47500	result_artifact_local_candidate	downloaded	csv_table_parser						mirror_sample_and_route_parser_candidate	Codex-local artifact proposal; source_reason=local_mirror_identification_still_needed	2026-05-02
source_artifact_afa5126ecf5fb558	corpus_db_lead_self_control_fmri_2022	data_file	local_file	data/raw/replication_projects/lead_harvest/self_control_fmri_2022/osf_manifest.json	corpus_db_lead_self_control_fmri_2022	osf_manifest.json				data/raw/replication_projects/lead_harvest/self_control_fmri_2022	osf_manifest.json	json	application/json	8888	data/raw/replication_projects/lead_harvest/self_control_fmri_2022/osf_manifest.json	0a922e9fc5e513ea69146d9b4381f0e36e2fb0168fe40cf89530e694bcdd1cfa	result_artifact_local_candidate	downloaded	json_metadata_inventory						mirror_sample_and_route_parser_candidate	Codex-local artifact proposal; source_reason=local_mirror_identification_still_needed	2026-05-02
source_artifact_bb3efa46979206b5	corpus_db_lead_self_control_fmri_2022	article_or_supplement_pdf	local_file	data/raw/replication_projects/lead_harvest/self_control_fmri_2022/paper_mirrors/scholz_hbm_2022.pdf	corpus_db_lead_self_control_fmri_2022	scholz_hbm_2022.pdf				data/raw/replication_projects/lead_harvest/self_control_fmri_2022/paper_mirrors	scholz_hbm_2022.pdf	pdf	application/pdf	751	data/raw/replication_projects/lead_harvest/self_control_fmri_2022/paper_mirrors/scholz_hbm_2022.pdf	4c3c53b8889706e55a82eb7c0cf452cc3aec4b0de0a27c07581963517e3d9d4f	result_artifact_local_candidate	downloaded	document_context_or_source_object_review						mirror_sample_and_route_parser_candidate	Codex-local artifact proposal; source_reason=local_mirror_identification_still_needed	2026-05-02
source_artifact_68722f9875cfc1ee	corpus_db_lead_self_control_fmri_2022	article_or_supplement_pdf	local_file	data/raw/replication_projects/lead_harvest/self_control_fmri_2022/paper_mirrors/scholz_hbm_2022_eur.pdf	corpus_db_lead_self_control_fmri_2022	scholz_hbm_2022_eur.pdf				data/raw/replication_projects/lead_harvest/self_control_fmri_2022/paper_mirrors	scholz_hbm_2022_eur.pdf	pdf	application/pdf	9905155	data/raw/replication_projects/lead_harvest/self_control_fmri_2022/paper_mirrors/scholz_hbm_2022_eur.pdf	37d71df0d5947d7dbc27436cdd08a6c33f0ba74e4752eeec7a754252c1e3c839	result_artifact_local_candidate	downloaded	document_context_or_source_object_review						mirror_sample_and_route_parser_candidate	Codex-local artifact proposal; source_reason=local_mirror_identification_still_needed	2026-05-02
source_artifact_fc14389266cdf11e	corpus_db_lead_self_control_fmri_2022	data_file	local_file	data/derived/replication_pairs/harvest/staged/self_control_fmri_2022__stage.csv	corpus_db_lead_self_control_fmri_2022	self_control_fmri_2022__stage.csv				data/derived/replication_pairs/harvest/staged	self_control_fmri_2022__stage.csv	csv	text/csv	1144	data/derived/replication_pairs/harvest/staged/self_control_fmri_2022__stage.csv	d3b35479da687e61866ee81acb3522b6b4140c8e5db67e828efb8e57ce492919	result_artifact_local_candidate	downloaded	csv_table_parser						mirror_sample_and_route_parser_candidate	Codex-local artifact proposal; source_reason=local_mirror_identification_still_needed	2026-05-02
source_artifact_348a13a4326a8fa9	corpus_db_lead_strategy_fit_2025	data_file	local_file	data/raw/replication_projects/lead_harvest/strategy_fit_2025/landing_probe.json	corpus_db_lead_strategy_fit_2025	landing_probe.json				data/raw/replication_projects/lead_harvest/strategy_fit_2025	landing_probe.json	json	application/json	362	data/raw/replication_projects/lead_harvest/strategy_fit_2025/landing_probe.json	864c656d822bd914c19c81159ea7c2a4955aa80d47f73c32c9f3f59f89020409	result_artifact_local_candidate	downloaded	json_metadata_inventory						mirror_sample_and_route_parser_candidate	Codex-local artifact proposal; source_reason=local_mirror_identification_still_needed	2026-05-02
source_artifact_5a25f1024ddd052b	corpus_db_lead_strategy_fit_2025	data_file	local_file	data/derived/replication_pairs/harvest/staged/strategy_fit_2025__stage.csv	corpus_db_lead_strategy_fit_2025	strategy_fit_2025__stage.csv				data/derived/replication_pairs/harvest/staged	strategy_fit_2025__stage.csv	csv	text/csv	361	data/derived/replication_pairs/harvest/staged/strategy_fit_2025__stage.csv	9630fac42c44734978215c5c0a16ba1e70618fd51d194f435fec024756f71acb	result_artifact_local_candidate	downloaded	csv_table_parser						mirror_sample_and_route_parser_candidate	Codex-local artifact proposal; source_reason=local_mirror_identification_still_needed	2026-05-02
source_artifact_15f963b3df90e133	corpus_db_lead_wood_porter_2019	data_file	local_file	data/raw/replication_projects/lead_harvest/wood_porter_2019/dataverse_01__elusive-tab_205.tab	corpus_db_lead_wood_porter_2019	dataverse_01__elusive-tab_205.tab				data/raw/replication_projects/lead_harvest/wood_porter_2019	dataverse_01__elusive-tab_205.tab	tab		45951	data/raw/replication_projects/lead_harvest/wood_porter_2019/dataverse_01__elusive-tab_205.tab	553d9daf2ad6247d8c4f450f0e2c212f901f257e04d1a67b31ab8c58ad73f964	result_artifact_local_candidate	downloaded	csv_table_parser						mirror_sample_and_route_parser_candidate	Codex-local artifact proposal; source_reason=local_mirror_identification_still_needed	2026-05-02
source_artifact_3717c9cc169a48e5	corpus_db_lead_wood_porter_2019	data_file	local_file	data/raw/replication_projects/lead_harvest/wood_porter_2019/dataverse_01_download.json	corpus_db_lead_wood_porter_2019	dataverse_01_download.json				data/raw/replication_projects/lead_harvest/wood_porter_2019	dataverse_01_download.json	json	application/json	1006	data/raw/replication_projects/lead_harvest/wood_porter_2019/dataverse_01_download.json	8002771e4dc15978c8f9c2fc0c573a6f62f32e95d16523710f732c077d4cb2c8	result_artifact_local_candidate	downloaded	json_metadata_inventory						mirror_sample_and_route_parser_candidate	Codex-local artifact proposal; source_reason=local_mirror_identification_still_needed	2026-05-02
source_artifact_9f79ffdce8ff33dc	corpus_db_lead_wood_porter_2019	data_file	local_file	data/raw/replication_projects/lead_harvest/wood_porter_2019/dataverse_02__elusive-tab_207.tab	corpus_db_lead_wood_porter_2019	dataverse_02__elusive-tab_207.tab				data/raw/replication_projects/lead_harvest/wood_porter_2019	dataverse_02__elusive-tab_207.tab	tab		207997	data/raw/replication_projects/lead_harvest/wood_porter_2019/dataverse_02__elusive-tab_207.tab	930cb1911b127d0cecf2068d6b387c4adca96febbde9840d4c8add4731758796	result_artifact_local_candidate	downloaded	csv_table_parser						mirror_sample_and_route_parser_candidate	Codex-local artifact proposal; source_reason=local_mirror_identification_still_needed	2026-05-02
source_artifact_13359eac0e330290	corpus_db_lead_wood_porter_2019	data_file	local_file	data/raw/replication_projects/lead_harvest/wood_porter_2019/dataverse_02_download.json	corpus_db_lead_wood_porter_2019	dataverse_02_download.json				data/raw/replication_projects/lead_harvest/wood_porter_2019	dataverse_02_download.json	json	application/json	1008	data/raw/replication_projects/lead_harvest/wood_porter_2019/dataverse_02_download.json	60f66858e817347dfa5d39d1ccef7a29404a67399e2af07ebd87a5739fe6b2d8	result_artifact_local_candidate	downloaded	json_metadata_inventory						mirror_sample_and_route_parser_candidate	Codex-local artifact proposal; source_reason=local_mirror_identification_still_needed	2026-05-02
source_artifact_a2e9abc0c1795fb0	corpus_db_lead_wood_porter_2019	data_file	local_file	data/raw/replication_projects/lead_harvest/wood_porter_2019/dataverse_03__elusive-tab_209.tab	corpus_db_lead_wood_porter_2019	dataverse_03__elusive-tab_209.tab				data/raw/replication_projects/lead_harvest/wood_porter_2019	dataverse_03__elusive-tab_209.tab	tab		391369	data/raw/replication_projects/lead_harvest/wood_porter_2019/dataverse_03__elusive-tab_209.tab	73a18dedfbb36bc999da6bec49bb6744ba84fcf9f07e3ca80d37a301648cc2a4	result_artifact_local_candidate	downloaded	csv_table_parser						mirror_sample_and_route_parser_candidate	Codex-local artifact proposal; source_reason=local_mirror_identification_still_needed	2026-05-02
source_artifact_25fc0102f4c15041	corpus_db_lead_wood_porter_2019	data_file	local_file	data/raw/replication_projects/lead_harvest/wood_porter_2019/dataverse_03_download.json	corpus_db_lead_wood_porter_2019	dataverse_03_download.json				data/raw/replication_projects/lead_harvest/wood_porter_2019	dataverse_03_download.json	json	application/json	1008	data/raw/replication_projects/lead_harvest/wood_porter_2019/dataverse_03_download.json	06f634fbe418615c6d89a4088171fe3aa0d0ecfe4f2d730ae4ebca501478d17d	result_artifact_local_candidate	downloaded	json_metadata_inventory						mirror_sample_and_route_parser_candidate	Codex-local artifact proposal; source_reason=local_mirror_identification_still_needed	2026-05-02
source_artifact_5534e326d0de133a	corpus_db_lead_wood_porter_2019	data_file	local_file	data/raw/replication_projects/lead_harvest/wood_porter_2019/dataverse_04__elusive-tab_204.tab	corpus_db_lead_wood_porter_2019	dataverse_04__elusive-tab_204.tab				data/raw/replication_projects/lead_harvest/wood_porter_2019	dataverse_04__elusive-tab_204.tab	tab		520013	data/raw/replication_projects/lead_harvest/wood_porter_2019/dataverse_04__elusive-tab_204.tab	c0d9d74c08acbac4457bd8c621af1f43a2662f771936423d5d3506206f89295a	result_artifact_local_candidate	downloaded	csv_table_parser						mirror_sample_and_route_parser_candidate	Codex-local artifact proposal; source_reason=local_mirror_identification_still_needed	2026-05-02
source_artifact_92545722ea5b1ca9	corpus_db_lead_wood_porter_2019	data_file	local_file	data/raw/replication_projects/lead_harvest/wood_porter_2019/dataverse_04_download.json	corpus_db_lead_wood_porter_2019	dataverse_04_download.json				data/raw/replication_projects/lead_harvest/wood_porter_2019	dataverse_04_download.json	json	application/json	1008	data/raw/replication_projects/lead_harvest/wood_porter_2019/dataverse_04_download.json	d8b149e33bfb4216b7f050bf3a6b381767998b442b54bfc60e2208a69aefc8a3	result_artifact_local_candidate	downloaded	json_metadata_inventory						mirror_sample_and_route_parser_candidate	Codex-local artifact proposal; source_reason=local_mirror_identification_still_needed	2026-05-02
source_artifact_8b582b5c28bf10ee	corpus_db_lead_wood_porter_2019	data_file	local_file	data/raw/replication_projects/lead_harvest/wood_porter_2019/dataverse_05__elusive-tab_206.tab	corpus_db_lead_wood_porter_2019	dataverse_05__elusive-tab_206.tab				data/raw/replication_projects/lead_harvest/wood_porter_2019	dataverse_05__elusive-tab_206.tab	tab		579485	data/raw/replication_projects/lead_harvest/wood_porter_2019/dataverse_05__elusive-tab_206.tab	d3bdbe3e03c2d93f8d6ebacd673596395bb382920c633a7975cd4ace2d946f79	result_artifact_local_candidate	downloaded	csv_table_parser						mirror_sample_and_route_parser_candidate	Codex-local artifact proposal; source_reason=local_mirror_identification_still_needed	2026-05-02
source_artifact_f691ea8abc74eac5	corpus_db_lead_wood_porter_2019	data_file	local_file	data/raw/replication_projects/lead_harvest/wood_porter_2019/dataverse_05_download.json	corpus_db_lead_wood_porter_2019	dataverse_05_download.json				data/raw/replication_projects/lead_harvest/wood_porter_2019	dataverse_05_download.json	json	application/json	1008	data/raw/replication_projects/lead_harvest/wood_porter_2019/dataverse_05_download.json	36694288a8e87d4ed6ec104650a2ed12f6b22555e881c8eeca99177b65506e80	result_artifact_local_candidate	downloaded	json_metadata_inventory						mirror_sample_and_route_parser_candidate	Codex-local artifact proposal; source_reason=local_mirror_identification_still_needed	2026-05-02
source_artifact_f473fa99683a26e9	corpus_db_lead_wood_porter_2019	data_file	local_file	data/raw/replication_projects/lead_harvest/wood_porter_2019/dataverse_06__elusive-tab_208.tab	corpus_db_lead_wood_porter_2019	dataverse_06__elusive-tab_208.tab				data/raw/replication_projects/lead_harvest/wood_porter_2019	dataverse_06__elusive-tab_208.tab	tab		1485204	data/raw/replication_projects/lead_harvest/wood_porter_2019/dataverse_06__elusive-tab_208.tab	acbaa2138f9441a59457125cfebe398e8b1a4b0ae3346c13df4f4f777a7c8eb3	result_artifact_local_candidate	downloaded	csv_table_parser						mirror_sample_and_route_parser_candidate	Codex-local artifact proposal; source_reason=local_mirror_identification_still_needed	2026-05-02
source_artifact_b5e329fe48af697d	corpus_db_lead_wood_porter_2019	data_file	local_file	data/raw/replication_projects/lead_harvest/wood_porter_2019/dataverse_06_download.json	corpus_db_lead_wood_porter_2019	dataverse_06_download.json				data/raw/replication_projects/lead_harvest/wood_porter_2019	dataverse_06_download.json	json	application/json	1010	data/raw/replication_projects/lead_harvest/wood_porter_2019/dataverse_06_download.json	0a4d9f02cd71c29e3445043cb3d01dc776fb6a31fac1c1c9847fab1526d3de95	result_artifact_local_candidate	downloaded	json_metadata_inventory						mirror_sample_and_route_parser_candidate	Codex-local artifact proposal; source_reason=local_mirror_identification_still_needed	2026-05-02
source_artifact_bc8b47cd51f5f433	corpus_db_lead_wood_porter_2019	data_file	local_file	data/raw/replication_projects/lead_harvest/wood_porter_2019/dataverse_07__elusive-tab_203.tab	corpus_db_lead_wood_porter_2019	dataverse_07__elusive-tab_203.tab				data/raw/replication_projects/lead_harvest/wood_porter_2019	dataverse_07__elusive-tab_203.tab	tab		1582895	data/raw/replication_projects/lead_harvest/wood_porter_2019/dataverse_07__elusive-tab_203.tab	667965dc83aeac170f28270815c68603af5e3536aeffe0aeba991b235bcc2993	result_artifact_local_candidate	downloaded	csv_table_parser						mirror_sample_and_route_parser_candidate	Codex-local artifact proposal; source_reason=local_mirror_identification_still_needed	2026-05-02
source_artifact_f5f3e7585bc549e6	corpus_db_lead_wood_porter_2019	data_file	local_file	data/raw/replication_projects/lead_harvest/wood_porter_2019/dataverse_07_download.json	corpus_db_lead_wood_porter_2019	dataverse_07_download.json				data/raw/replication_projects/lead_harvest/wood_porter_2019	dataverse_07_download.json	json	application/json	1010	data/raw/replication_projects/lead_harvest/wood_porter_2019/dataverse_07_download.json	0b80ea631c86318549f2ac5d0cdd7547568c60bd0d47b7c8db288949b6ed4e75	result_artifact_local_candidate	downloaded	json_metadata_inventory						mirror_sample_and_route_parser_candidate	Codex-local artifact proposal; source_reason=local_mirror_identification_still_needed	2026-05-02
source_artifact_96d17f869d81d354	corpus_db_lead_wood_porter_2019	data_file	local_file	data/raw/replication_projects/lead_harvest/wood_porter_2019/dataverse_08__elusive-tab_202.tab	corpus_db_lead_wood_porter_2019	dataverse_08__elusive-tab_202.tab				data/raw/replication_projects/lead_harvest/wood_porter_2019	dataverse_08__elusive-tab_202.tab	tab		2573540	data/raw/replication_projects/lead_harvest/wood_porter_2019/dataverse_08__elusive-tab_202.tab	da92116cecf171dd645cfce1c08dfeba459ce0abe030911cf1ccff7249bc6639	result_artifact_local_candidate	downloaded	csv_table_parser						mirror_sample_and_route_parser_candidate	Codex-local artifact proposal; source_reason=local_mirror_identification_still_needed	2026-05-02
source_artifact_5c626ec994d61c6b	corpus_db_lead_wood_porter_2019	data_file	local_file	data/raw/replication_projects/lead_harvest/wood_porter_2019/dataverse_08_download.json	corpus_db_lead_wood_porter_2019	dataverse_08_download.json				data/raw/replication_projects/lead_harvest/wood_porter_2019	dataverse_08_download.json	json	application/json	1010	data/raw/replication_projects/lead_harvest/wood_porter_2019/dataverse_08_download.json	b2850580d567907c1d2e5c1bf401aa3079d5a6b99ca2dba95aaa964335064730	result_artifact_local_candidate	downloaded	json_metadata_inventory						mirror_sample_and_route_parser_candidate	Codex-local artifact proposal; source_reason=local_mirror_identification_still_needed	2026-05-02
source_artifact_bfef180bca4ad0d0	corpus_db_lead_wood_porter_2019	data_file	local_file	data/raw/replication_projects/lead_harvest/wood_porter_2019/dataverse_09__elusive-tab_2011.tab	corpus_db_lead_wood_porter_2019	dataverse_09__elusive-tab_2011.tab				data/raw/replication_projects/lead_harvest/wood_porter_2019	dataverse_09__elusive-tab_2011.tab	tab		6100841	data/raw/replication_projects/lead_harvest/wood_porter_2019/dataverse_09__elusive-tab_2011.tab	e79c55550ab3bacbed903f3e71a438dfcceeaa71de1a8484b7f0e30c6aee213a	result_artifact_local_candidate	downloaded	csv_table_parser						mirror_sample_and_route_parser_candidate	Codex-local artifact proposal; source_reason=local_mirror_identification_still_needed	2026-05-02
source_artifact_4a111668ce723696	corpus_db_lead_wood_porter_2019	data_file	local_file	data/raw/replication_projects/lead_harvest/wood_porter_2019/dataverse_09_download.json	corpus_db_lead_wood_porter_2019	dataverse_09_download.json				data/raw/replication_projects/lead_harvest/wood_porter_2019	dataverse_09_download.json	json	application/json	1012	data/raw/replication_projects/lead_harvest/wood_porter_2019/dataverse_09_download.json	0e5716c699db3de99cd69e33862b747a24e6cd7e446b05204ccf4ee5b0ed18be	result_artifact_local_candidate	downloaded	json_metadata_inventory						mirror_sample_and_route_parser_candidate	Codex-local artifact proposal; source_reason=local_mirror_identification_still_needed	2026-05-02
source_artifact_dccfc466320e53f0	corpus_db_lead_wood_porter_2019	data_file	local_file	data/raw/replication_projects/lead_harvest/wood_porter_2019/dataverse_10__elusive-tab_2013.tab	corpus_db_lead_wood_porter_2019	dataverse_10__elusive-tab_2013.tab				data/raw/replication_projects/lead_harvest/wood_porter_2019	dataverse_10__elusive-tab_2013.tab	tab		6221799	data/raw/replication_projects/lead_harvest/wood_porter_2019/dataverse_10__elusive-tab_2013.tab	5242df32523fe192fe82da381fe03cae97b8a0cd893fcf472a7fc8634b809a9c	result_artifact_local_candidate	downloaded	csv_table_parser						mirror_sample_and_route_parser_candidate	Codex-local artifact proposal; source_reason=local_mirror_identification_still_needed	2026-05-02
source_artifact_8a7b5817dafd1572	corpus_db_lead_wood_porter_2019	data_file	local_file	data/raw/replication_projects/lead_harvest/wood_porter_2019/dataverse_10_download.json	corpus_db_lead_wood_porter_2019	dataverse_10_download.json				data/raw/replication_projects/lead_harvest/wood_porter_2019	dataverse_10_download.json	json	application/json	1012	data/raw/replication_projects/lead_harvest/wood_porter_2019/dataverse_10_download.json	b74e2356e1b3bbd6930730e2dbadbd88b22e9f6b27c542f9af582fa3da24cafb	result_artifact_local_candidate	downloaded	json_metadata_inventory						mirror_sample_and_route_parser_candidate	Codex-local artifact proposal; source_reason=local_mirror_identification_still_needed	2026-05-02
source_artifact_2fa52f2646e0e398	corpus_db_lead_wood_porter_2019	data_file	local_file	data/raw/replication_projects/lead_harvest/wood_porter_2019/dataverse_11__elusive-tab_201.tab	corpus_db_lead_wood_porter_2019	dataverse_11__elusive-tab_201.tab				data/raw/replication_projects/lead_harvest/wood_porter_2019	dataverse_11__elusive-tab_201.tab	tab		6607460	data/raw/replication_projects/lead_harvest/wood_porter_2019/dataverse_11__elusive-tab_201.tab	e43d55d2f08fd1ea4ba6c4352b85e6b9f1864228a5640337ca0f8b290ab81e16	result_artifact_local_candidate	downloaded	csv_table_parser						mirror_sample_and_route_parser_candidate	Codex-local artifact proposal; source_reason=local_mirror_identification_still_needed	2026-05-02
source_artifact_8784169115fe5ac6	corpus_db_lead_wood_porter_2019	data_file	local_file	data/raw/replication_projects/lead_harvest/wood_porter_2019/dataverse_11_download.json	corpus_db_lead_wood_porter_2019	dataverse_11_download.json				data/raw/replication_projects/lead_harvest/wood_porter_2019	dataverse_11_download.json	json	application/json	1010	data/raw/replication_projects/lead_harvest/wood_porter_2019/dataverse_11_download.json	ea08c83146b69a4edceed9ff1d6ebb0fba2fdbf59f1b15b1959e39db4ff70f13	result_artifact_local_candidate	downloaded	json_metadata_inventory						mirror_sample_and_route_parser_candidate	Codex-local artifact proposal; source_reason=local_mirror_identification_still_needed	2026-05-02
source_artifact_d108f82f8959bb32	corpus_db_lead_wood_porter_2019	data_file	local_file	data/raw/replication_projects/lead_harvest/wood_porter_2019/dataverse_12__elusive-tab_2010.tab	corpus_db_lead_wood_porter_2019	dataverse_12__elusive-tab_2010.tab				data/raw/replication_projects/lead_harvest/wood_porter_2019	dataverse_12__elusive-tab_2010.tab	tab		10243520	data/raw/replication_projects/lead_harvest/wood_porter_2019/dataverse_12__elusive-tab_2010.tab	4f87d139772b9d4d7fc9193378ea89151b018ddef7a1ab754d7d0061eff2afbb	result_artifact_local_candidate	downloaded	csv_table_parser						mirror_sample_and_route_parser_candidate	Codex-local artifact proposal; source_reason=local_mirror_identification_still_needed	2026-05-02
source_artifact_dc4a908a5c0dcd5a	corpus_db_lead_wood_porter_2019	data_file	local_file	data/raw/replication_projects/lead_harvest/wood_porter_2019/dataverse_file_list.csv	corpus_db_lead_wood_porter_2019	dataverse_file_list.csv				data/raw/replication_projects/lead_harvest/wood_porter_2019	dataverse_file_list.csv	csv	text/csv	4259	data/raw/replication_projects/lead_harvest/wood_porter_2019/dataverse_file_list.csv	1b229ad1692d0cc9e437e43b56ccf047de67f3d5138f93a715e524e2e9d7f414	result_artifact_local_candidate	downloaded	csv_table_parser						mirror_sample_and_route_parser_candidate	Codex-local artifact proposal; source_reason=local_mirror_identification_still_needed	2026-05-02
source_artifact_8ba87f9cc31f7985	corpus_db_lead_wood_porter_2019	archive_file	local_file	data/raw/replication_projects/lead_harvest/wood_porter_2019/dataverse_bundle/dataverse_files.zip	corpus_db_lead_wood_porter_2019	dataverse_files.zip				data/raw/replication_projects/lead_harvest/wood_porter_2019/dataverse_bundle	dataverse_files.zip	zip	application/zip	4432253	data/raw/replication_projects/lead_harvest/wood_porter_2019/dataverse_bundle/dataverse_files.zip	33b028c53ad618e3a335972d5e866953feec29b7a64d3df972ef2f88e39380cc	result_artifact_local_candidate	downloaded	zip_member_inventory						mirror_sample_and_route_parser_candidate	Codex-local artifact proposal; source_reason=local_mirror_identification_still_needed	2026-05-02
source_artifact_7f7ab631f8edd5de	corpus_db_lead_wood_porter_2019	data_file	local_file	data/raw/replication_projects/lead_harvest/wood_porter_2019/dataverse_manifest.json	corpus_db_lead_wood_porter_2019	dataverse_manifest.json				data/raw/replication_projects/lead_harvest/wood_porter_2019	dataverse_manifest.json	json	application/json	42482	data/raw/replication_projects/lead_harvest/wood_porter_2019/dataverse_manifest.json	2123b3d75129b13ad59f55507f04eca7e77fa67f8e024c4e58d03b7f6e23df48	result_artifact_local_candidate	downloaded	json_metadata_inventory						mirror_sample_and_route_parser_candidate	Codex-local artifact proposal; source_reason=local_mirror_identification_still_needed	2026-05-02
source_artifact_535667e08e170299	corpus_db_lead_wood_porter_2019	data_file	local_file	data/derived/replication_pairs/harvest/staged/wood_porter_2019__stage.csv	corpus_db_lead_wood_porter_2019	wood_porter_2019__stage.csv				data/derived/replication_pairs/harvest/staged	wood_porter_2019__stage.csv	csv	text/csv	1256	data/derived/replication_pairs/harvest/staged/wood_porter_2019__stage.csv	15f5fe92e22e53504b1fa87b17f4fd3a3eb9ef73e6512a69886e35cb45083b90	result_artifact_local_candidate	downloaded	csv_table_parser			filename terms: d_ | r_			mirror_sample_and_route_parser_candidate	Codex-local artifact proposal; source_reason=local_mirror_identification_still_needed	2026-05-02
source_artifact_67e3af1c60f36d31	corpus_db_li_2024_pd_1_pd_l1_phase_ii_iii_oncology	data_file	local_file	data/derived/replication_pairs/harvest/staged/li_2024_pd1_pdl1_phase2_phase3_orr__stage.csv	corpus_db_li_2024_pd_1_pd_l1_phase_ii_iii_oncology	li_2024_pd1_pdl1_phase2_phase3_orr__stage.csv				data/derived/replication_pairs/harvest/staged	li_2024_pd1_pdl1_phase2_phase3_orr__stage.csv	csv	text/csv	57462	data/derived/replication_pairs/harvest/staged/li_2024_pd1_pdl1_phase2_phase3_orr__stage.csv	2fdf980ed4c5209dd34d18cdac7da29c51c5eb003940fc34318ed72559d5e200	result_artifact_local_candidate	downloaded	csv_table_parser			filename terms: r_			mirror_sample_and_route_parser_candidate	Codex-local artifact proposal; source_reason=local_mirror_identification_still_needed	2026-05-02
source_artifact_61c4f807a2a161d5	corpus_db_manual_paper_grounded_pairs	article_or_supplement_pdf	local_file	data/raw/replication_projects/manual_papers/doyen_2012_behavioral_priming.pdf	corpus_db_manual_paper_grounded_pairs	doyen_2012_behavioral_priming.pdf				data/raw/replication_projects/manual_papers	doyen_2012_behavioral_priming.pdf	pdf	application/pdf	630898	data/raw/replication_projects/manual_papers/doyen_2012_behavioral_priming.pdf	56a559b0e6d0d460c55afc63c8b5dca1efa1becc4a49d62281b7af608bff1e88	result_artifact_local_candidate	downloaded	document_context_or_source_object_review						mirror_sample_and_route_parser_candidate	Codex-local artifact proposal; source_reason=local_mirror_identification_still_needed	2026-05-02
source_artifact_7728cdb0cb28b3b6	corpus_db_manual_paper_grounded_pairs	article_or_supplement_pdf	local_file	data/raw/replication_projects/manual_papers/eerp_2016_supplement.pdf	corpus_db_manual_paper_grounded_pairs	eerp_2016_supplement.pdf				data/raw/replication_projects/manual_papers	eerp_2016_supplement.pdf	pdf	application/pdf	1473031	data/raw/replication_projects/manual_papers/eerp_2016_supplement.pdf	5f74c23104cf8c3fc7b5ef071be6ecd02cd56ab23e9825da028b63bba91e0eb1	result_artifact_local_candidate	downloaded	document_context_or_source_object_review						mirror_sample_and_route_parser_candidate	Codex-local artifact proposal; source_reason=local_mirror_identification_still_needed	2026-05-02
source_artifact_b9a1bb946e805248	corpus_db_manual_paper_grounded_pairs	article_or_supplement_pdf	local_file	data/raw/replication_projects/manual_papers/galak_2012_psi.pdf	corpus_db_manual_paper_grounded_pairs	galak_2012_psi.pdf				data/raw/replication_projects/manual_papers	galak_2012_psi.pdf	pdf	application/pdf	204287	data/raw/replication_projects/manual_papers/galak_2012_psi.pdf	954647f2f03c6962ea44600d14e531cb2e5ed8ee14124482ae4fbd3f732bf79c	result_artifact_local_candidate	downloaded	document_context_or_source_object_review						mirror_sample_and_route_parser_candidate	Codex-local artifact proposal; source_reason=local_mirror_identification_still_needed	2026-05-02
source_artifact_16fe9228a4b9f209	corpus_db_manual_paper_grounded_pairs	article_or_supplement_pdf	local_file	data/raw/replication_projects/manual_papers/hagger_2016_ego_depletion.pdf	corpus_db_manual_paper_grounded_pairs	hagger_2016_ego_depletion.pdf				data/raw/replication_projects/manual_papers	hagger_2016_ego_depletion.pdf	pdf	application/pdf	488666	data/raw/replication_projects/manual_papers/hagger_2016_ego_depletion.pdf	f589425577f2b694fdafaa47193c2e4ffee4cb03facc067d6f742bafdb24060d	result_artifact_local_candidate	downloaded	document_context_or_source_object_review			filename terms: r_			mirror_sample_and_route_parser_candidate	Codex-local artifact proposal; source_reason=local_mirror_identification_still_needed	2026-05-02
source_artifact_57c58d06b6fc8f8e	corpus_db_manual_paper_grounded_pairs	article_or_supplement_pdf	local_file	data/raw/replication_projects/manual_papers/marek_2022_bwas.pdf	corpus_db_manual_paper_grounded_pairs	marek_2022_bwas.pdf				data/raw/replication_projects/manual_papers	marek_2022_bwas.pdf	pdf	application/pdf	9443862	data/raw/replication_projects/manual_papers/marek_2022_bwas.pdf	f864e3c4902d2d64fb26c2822c6ef123fa8b9e7876a410062dc55430766fac52	result_artifact_local_candidate	downloaded	document_context_or_source_object_review						mirror_sample_and_route_parser_candidate	Codex-local artifact proposal; source_reason=local_mirror_identification_still_needed	2026-05-02
source_artifact_b7ef0833dc9c7c37	corpus_db_manual_paper_grounded_pairs	article_or_supplement_pdf	local_file	data/raw/replication_projects/manual_papers/odonnell_2018_professor_priming.pdf	corpus_db_manual_paper_grounded_pairs	odonnell_2018_professor_priming.pdf				data/raw/replication_projects/manual_papers	odonnell_2018_professor_priming.pdf	pdf	application/pdf	732087	data/raw/replication_projects/manual_papers/odonnell_2018_professor_priming.pdf	9531c7fdb7a0d7d2c5118f6bd2ecc699c517c9f4b2d5e331272b8780077f1ab8	result_artifact_local_candidate	downloaded	document_context_or_source_object_review			filename terms: r_			mirror_sample_and_route_parser_candidate	Codex-local artifact proposal; source_reason=local_mirror_identification_still_needed	2026-05-02
source_artifact_5fd343244bc67111	corpus_db_manual_paper_grounded_pairs	article_or_supplement_pdf	local_file	data/raw/replication_projects/manual_papers/ranehill_2015_power_pose.pdf	corpus_db_manual_paper_grounded_pairs	ranehill_2015_power_pose.pdf				data/raw/replication_projects/manual_papers	ranehill_2015_power_pose.pdf	pdf	application/pdf	374723	data/raw/replication_projects/manual_papers/ranehill_2015_power_pose.pdf	4ae91126e56da19721f44c6942a536e3c2dcb22fe3a23de727f788afeb481369	result_artifact_local_candidate	downloaded	document_context_or_source_object_review			filename terms: r_			mirror_sample_and_route_parser_candidate	Codex-local artifact proposal; source_reason=local_mirror_identification_still_needed	2026-05-02
source_artifact_fa461f6ebb90b50b	corpus_db_manual_paper_grounded_pairs	article_or_supplement_pdf	local_file	data/raw/replication_projects/manual_papers/ssrp_2018_supplement.pdf	corpus_db_manual_paper_grounded_pairs	ssrp_2018_supplement.pdf				data/raw/replication_projects/manual_papers	ssrp_2018_supplement.pdf	pdf	application/pdf	901291	data/raw/replication_projects/manual_papers/ssrp_2018_supplement.pdf	88eb7d31478e8cb8896e4436fe3874502f4d6f54a97d6275586f7efb54a3071a	result_artifact_local_candidate	downloaded	document_context_or_source_object_review						mirror_sample_and_route_parser_candidate	Codex-local artifact proposal; source_reason=local_mirror_identification_still_needed	2026-05-02
source_artifact_3613c5af23ee5fcd	corpus_db_manual_paper_grounded_pairs	article_or_supplement_pdf	local_file	data/raw/replication_projects/manual_papers/wagenmakers_2016_facial_feedback.pdf	corpus_db_manual_paper_grounded_pairs	wagenmakers_2016_facial_feedback.pdf				data/raw/replication_projects/manual_papers	wagenmakers_2016_facial_feedback.pdf	pdf	application/pdf	4773	data/raw/replication_projects/manual_papers/wagenmakers_2016_facial_feedback.pdf	25c3d268ad015795198823b4d84b4aa1433b75601ef92e5318ac1fbfa85458ce	result_artifact_local_candidate	downloaded	document_context_or_source_object_review						mirror_sample_and_route_parser_candidate	Codex-local artifact proposal; source_reason=local_mirror_identification_still_needed	2026-05-02
source_artifact_e0ab2df75ca634f0	corpus_db_ml1_summary_workbook	data_file	local_file	data/raw/replication_projects/ml1/ML-_Summary_Statistics.xlsx	corpus_db_ml1_summary_workbook	ML-_Summary_Statistics.xlsx				data/raw/replication_projects/ml1	ML-_Summary_Statistics.xlsx	xlsx	application/vnd.openxmlformats-officedocument.spreadsheetml.sheet	135411	data/raw/replication_projects/ml1/ML-_Summary_Statistics.xlsx	0f1b2aee070f05c38ad198f6b88463e26f45fb09f871994865461bc56639d240	result_artifact_local_candidate	downloaded	xlsx_workbook_parser			filename terms: stat			mirror_sample_and_route_parser_candidate	Codex-local artifact proposal; source_reason=local_mirror_identification_still_needed	2026-05-02
source_artifact_c82709c9198424ae	corpus_db_ml3_manuscript_tables_bundle	data_file	local_file	data/raw/replication_projects/ml3/Many Labs 3 Manuscript Tables.txt	corpus_db_ml3_manuscript_tables_bundle	Many Labs 3 Manuscript Tables.txt				data/raw/replication_projects/ml3	Many Labs 3 Manuscript Tables.txt	txt	text/plain	5808	data/raw/replication_projects/ml3/Many Labs 3 Manuscript Tables.txt	9b46ed92d599fe30f221a1848314d7de8077eea169a8f981f2f71fa55b90c24e	result_artifact_local_candidate	downloaded	csv_table_parser						mirror_sample_and_route_parser_candidate	Codex-local artifact proposal; source_reason=local_mirror_identification_still_needed	2026-05-02
source_artifact_3289f0989c92d28a	corpus_db_ml4_public_site_results	data_file	local_file	data/raw/replication_projects/ml4/combinedresults1.csv	corpus_db_ml4_public_site_results	combinedresults1.csv				data/raw/replication_projects/ml4	combinedresults1.csv	csv	text/csv	4390	data/raw/replication_projects/ml4/combinedresults1.csv	45f270af5b9079342cf3336296adca30243e2745e7354bfe46e1f1f1ae3afb26	result_artifact_local_candidate	downloaded	csv_table_parser			filename terms: result			mirror_sample_and_route_parser_candidate	Codex-local artifact proposal; source_reason=local_mirror_identification_still_needed	2026-05-02
source_artifact_04aa2d534a6e3bc2	corpus_db_pooledmarketr_pm_data_rdata	data_file	local_file	data/raw/replication_projects/pooledmarketr/PM_data.Rdata	corpus_db_pooledmarketr_pm_data_rdata	PM_data.Rdata				data/raw/replication_projects/pooledmarketr	PM_data.Rdata	rdata		331742	data/raw/replication_projects/pooledmarketr/PM_data.Rdata	68ea8a02fb8df6161e0462c8410ce0d37df3b367e7221fd862a47a4794c2079d	result_artifact_local_candidate	downloaded	r_data_parser						mirror_sample_and_route_parser_candidate	Codex-local artifact proposal; source_reason=local_mirror_identification_still_needed	2026-05-02
source_artifact_83961acc1465f8d3	corpus_db_rpp_converted	data_file	local_file	data/raw/corpus_candidates/rpp/RPPdataConverted.xlsx	corpus_db_rpp_converted	RPPdataConverted.xlsx				data/raw/corpus_candidates/rpp	RPPdataConverted.xlsx	xlsx	application/vnd.openxmlformats-officedocument.spreadsheetml.sheet	189194	data/raw/corpus_candidates/rpp/RPPdataConverted.xlsx	d260682aec9af5f8f7aae149fa3e017d64c53e456e9d1b11bddbf86121015e76	result_artifact_local_candidate	downloaded	xlsx_workbook_parser						mirror_sample_and_route_parser_candidate	Codex-local artifact proposal; source_reason=local_mirror_identification_still_needed	2026-05-02
source_artifact_d66fd638eccaf777	corpus_db_rpp_jtleek_mirror	data_file	local_file	data/raw/replication_projects/rpp/rpp_data_jtleek.csv	corpus_db_rpp_jtleek_mirror	rpp_data_jtleek.csv				data/raw/replication_projects/rpp	rpp_data_jtleek.csv	csv	text/csv	259220	data/raw/replication_projects/rpp/rpp_data_jtleek.csv	4d87a2636181d8e31230422854cf0fabeaecd2f1b47a59627482c05a2b56d54d	result_artifact_local_candidate	downloaded	csv_table_parser						mirror_sample_and_route_parser_candidate	Codex-local artifact proposal; source_reason=local_mirror_identification_still_needed	2026-05-02
source_artifact_b195117189ffd30a	corpus_db_ssrp_d3	data_file	local_file	data/raw/replication_projects/ssrp/D3 - ReplicationResults.csv	corpus_db_ssrp_d3	D3 - ReplicationResults.csv				data/raw/replication_projects/ssrp	D3 - ReplicationResults.csv	csv	text/csv	17843	data/raw/replication_projects/ssrp/D3 - ReplicationResults.csv	6c81ea23d2144023f2f49c645a2e6b33055af80ec86a3b100f871e24382ad94f	result_artifact_local_candidate	downloaded	csv_table_parser	filename terms: replication | repli		filename terms: result			mirror_sample_and_route_parser_candidate	Codex-local artifact proposal; source_reason=local_mirror_identification_still_needed	2026-05-02
source_artifact_9664a041235205eb	corpus_db_ssrp_d6_beliefs	data_file	local_file	data/raw/replication_projects/ssrp/D6 - MeanPeerBeliefs.csv	corpus_db_ssrp_d6_beliefs	D6 - MeanPeerBeliefs.csv				data/raw/replication_projects/ssrp	D6 - MeanPeerBeliefs.csv	csv	text/csv	37868	data/raw/replication_projects/ssrp/D6 - MeanPeerBeliefs.csv	47239a3b8abcd06ac5fde0b275b3c3c095f206ff9ac264a252360f37526592e8	result_artifact_local_candidate	downloaded	csv_table_parser						mirror_sample_and_route_parser_candidate	Codex-local artifact proposal; source_reason=local_mirror_identification_still_needed	2026-05-02
source_artifact_f27e579fb912d3f7	corpus_db_wils_2023_ibd_phase_ii_iii	data_file	local_file	data/derived/replication_pairs/harvest/staged/wils_2023_ibd_phase2_phase3_response_rates__stage.csv	corpus_db_wils_2023_ibd_phase_ii_iii	wils_2023_ibd_phase2_phase3_response_rates__stage.csv				data/derived/replication_pairs/harvest/staged	wils_2023_ibd_phase2_phase3_response_rates__stage.csv	csv	text/csv	34428	data/derived/replication_pairs/harvest/staged/wils_2023_ibd_phase2_phase3_response_rates__stage.csv	49b975bf9b7d0cbc037bd3f4c0b19da642720dcfd6891ddea9e606691e725a8e	result_artifact_local_candidate	downloaded	csv_table_parser			filename terms: d_			mirror_sample_and_route_parser_candidate	Codex-local artifact proposal; source_reason=local_mirror_identification_still_needed	2026-05-02
